,pred_direction_x,pred_direction_y,label_direction_x,label_direction_y
0,-0.8100596070289612,-0.5378973484039307,-0.9334939511966532,-0.3585931442167577
1,-0.8112028241157532,-0.5396472811698914,-0.9369423343185228,-0.3494839941424461
2,-0.8120641708374023,-0.5370503067970276,-0.9297652751703714,-0.3681528664663138
3,-0.8165721893310547,-0.5277796983718872,-0.928358835937253,-0.3716851782587362
4,-0.8179816603660583,-0.5258635878562927,-0.9441942384327794,-0.3293891924613553
5,-0.8166136741638184,-0.53096604347229,-0.9441552261176815,-0.3295009999903937
6,-0.8180660605430603,-0.5332637429237366,-0.94138971137506,-0.3373209322250563
7,-0.8214607834815979,-0.53016597032547,-0.9335350398787484,-0.3584861633572262
8,-0.8237387537956238,-0.523083508014679,-0.9365984422435796,-0.350404563307757
9,-0.8283953666687012,-0.5129897594451904,-0.9362995113388342,-0.3512025413727245
10,-0.8307437300682068,-0.5037501454353333,-0.9384898254947484,-0.3453068887856668
11,-0.8352271318435669,-0.4960816502571106,-0.9297349955776614,-0.3682293279984716
12,-0.8387717604637146,-0.4905273914337158,-0.9311545130223496,-0.3646248385369692
13,-0.8424873352050781,-0.4867846369743347,-0.9323155838414976,-0.361645755023182
14,-0.8346577286720276,-0.5219299793243408,-0.9256481440154924,-0.3783854033662958
15,-0.8244869709014893,-0.5535888075828552,-0.9362354096068034,-0.3513733880053824
16,-0.8083236217498779,-0.5687665939331055,-0.9233336653462454,-0.3839986229640255
17,-0.7943838834762573,-0.5881158113479614,-0.9017547038554706,-0.4322481394691392
18,-0.776930570602417,-0.6013888120651245,-0.8821661478207176,-0.4709383055551501
19,-0.7898251414299011,-0.5865769386291504,-0.8698030606867185,-0.4933990632540931
20,-0.7731063365936279,-0.5866539478302002,-0.8597102098045155,-0.5107821014462781
21,-0.766054630279541,-0.5982202887535095,-0.85164846005714,-0.5241134423789395
22,-0.771488606929779,-0.5954269766807556,-0.8415581492648988,-0.5401665311788932
23,-0.7841893434524536,-0.5839985013008118,-0.8371920297231621,-0.5469090467052197
24,-0.8012006282806396,-0.5651212930679321,-0.8481962677479635,-0.5296820663175459
25,-0.8128791451454163,-0.5486071109771729,-0.8453727076430572,-0.5341769230996846
26,-0.81831294298172,-0.5403592586517334,-0.8511831290989886,-0.5248688224092324
27,-0.8185645341873169,-0.5415067076683044,-0.8514406884426742,-0.5244509072012985
28,-0.8173366785049438,-0.546510636806488,-0.852454406101173,-0.5228015737530793
29,-0.8138456344604492,-0.552065908908844,-0.8543009533095681,-0.5197786848018713
30,-0.8088077306747437,-0.5582773089408875,-0.8570847910619087,-0.5151753691029534
31,-0.8023281097412109,-0.5635728240013123,-0.859012058415315,-0.5119553530309879
32,-0.7972437143325806,-0.5686346888542175,-0.8608962029513216,-0.5087806283104702
33,-0.789714515209198,-0.5785976648330688,-0.8698901858829909,-0.4932454404294635
34,-0.7767476439476013,-0.5956889986991882,-0.8460222083328993,-0.5331476559148735
35,-0.7706248760223389,-0.6043760776519775,-0.8634550400206706,-0.5044258061032386
36,-0.7701407670974731,-0.6039144992828369,-0.8650235812445257,-0.5017312068138632
37,-0.768927812576294,-0.6047519445419312,-0.8749937770618886,-0.4841341653952652
38,-0.7649315595626831,-0.6106833815574646,-0.8785598816346257,-0.4776322166501673
39,-0.7683136463165283,-0.634833037853241,-0.8752923579337129,-0.4835941357614266
40,-0.7986409068107605,-0.595318078994751,-0.8731273157806888,-0.4874922465410186
41,-0.7787902355194092,-0.6213897466659546,-0.8715438264263744,-0.4903176099408156
42,-0.7872790098190308,-0.612037718296051,-0.8677395224088473,-0.4970192362974149
43,-0.7664333581924438,-0.6049320101737976,-0.869940381461238,-0.4931569047504817
44,-0.763197124004364,-0.609296977519989,-0.8694671890541184,-0.4939906954167557
45,-0.7727974653244019,-0.6020758152008057,-0.8664989186511328,-0.4991789498530738
46,-0.7822932600975037,-0.5916131138801575,-0.8679005043427018,-0.4967380744030839
47,-0.7935320734977722,-0.5801973938941956,-0.8567591353163885,-0.5157167672782361
48,-0.8016133308410645,-0.572197675704956,-0.847382548095682,-0.5309828784272326
49,-0.8053267002105713,-0.5680236220359802,-0.845812801711317,-0.5334798069854682
50,-0.8037689924240112,-0.568661093711853,-0.84379071588592,-0.5366723654006479
51,-0.7959069609642029,-0.5760419368743896,-0.8480475576041463,-0.5299201260960393
52,-0.7833661437034607,-0.588893711566925,-0.8474705716669066,-0.5308423778849672
53,-0.7771625518798828,-0.5951499938964844,-0.8501313079873727,-0.5265707542008755
54,-0.773557186126709,-0.5968065857887268,-0.8485156829905982,-0.5291702332132815
55,-0.7732812166213989,-0.5947785377502441,-0.8509021872344149,-0.5253241549364436
56,-0.7756458520889282,-0.5915796756744385,-0.8565544784882848,-0.5160566106365294
57,-0.7797966599464417,-0.588324785232544,-0.8641360704217346,-0.5032582356962307
58,-0.7891964316368103,-0.5789472460746765,-0.8606620957085985,-0.5091765479776963
59,-0.799973726272583,-0.5632616281509399,-0.8705762624653924,-0.4920335062084575
60,-0.8122252225875854,-0.5449953079223633,-0.8761573446143985,-0.4820252145668793
61,-0.8040058612823486,-0.575397789478302,-0.8844752722215109,-0.4665870688614121
62,-0.791964054107666,-0.6000822186470032,-0.8876593278095298,-0.4605007250295418
63,-0.7744338512420654,-0.6186527609825134,-0.8876162090018691,-0.4605838311503675
64,-0.7643256187438965,-0.6372416019439697,-0.8749220010994059,-0.4842638660815105
65,-0.7550011873245239,-0.6451998353004456,-0.864258504489819,-0.5030479474334643
66,-0.7446953058242798,-0.6509678959846497,-0.826105254666477,-0.5635158455735164
67,-0.7705001831054688,-0.6253353357315063,-0.8026555023626047,-0.5964429096963385
68,-0.7585625648498535,-0.616336464881897,-0.7878904086188547,-0.6158154788623084
69,-0.756589412689209,-0.6236728429794312,-0.7832549636854724,-0.6217006207669968
70,-0.7648678421974182,-0.6264397501945496,-0.7906415481761266,-0.6122793008894369
71,-0.7695314884185791,-0.6256226897239685,-0.8027531476037714,-0.596311482374973
72,-0.7662710547447205,-0.6267057657241821,-0.8071452161952377,-0.5903529452566008
73,-0.758664608001709,-0.6321521997451782,-0.8061147609181278,-0.5917592350186938
74,-0.7475288510322571,-0.6418114900588989,-0.8081097044511024,-0.5890320072559316
75,-0.7343442440032959,-0.6545963883399963,-0.8064438718542841,-0.5913106472478498
76,-0.7250360250473022,-0.6642638444900513,-0.8079921272342534,-0.5891932809591993
77,-0.7189630270004272,-0.6681477427482605,-0.8044754152101131,-0.593985947916713
78,-0.7182648181915283,-0.6673291921615601,-0.7873019382186149,-0.6165676427426371
79,-0.7231597900390625,-0.6598312258720398,-0.7811118093884151,-0.6243911764542772
80,-0.7354713082313538,-0.6413964033126831,-0.7929589509293999,-0.6092750627926153
81,-0.7466549873352051,-0.6212440133094788,-0.7978667475077852,-0.6028338520864169
82,-0.7282937169075012,-0.6577204465866089,-0.820102343088165,-0.5722168704794552
83,-0.7151349186897278,-0.6834526062011719,-0.8109857608312271,-0.585065890074781
84,-0.6987417936325073,-0.6985641717910767,-0.7836999852732973,-0.6211395439694961
85,-0.6884288787841797,-0.7121936082839966,-0.7727145306694232,-0.6347536956114025
86,-0.6753416061401367,-0.7197307348251343,-0.761463258689414,-0.6482080728177477
87,-0.7046895027160645,-0.6931264996528625,-0.7657577741432982,-0.643129093836612
88,-0.69413161277771,-0.6799584031105042,-0.7599593559379528,-0.6499705972752706
89,-0.6960948705673218,-0.6826764345169067,-0.7365234563700108,-0.6764120033062488
90,-0.7098151445388794,-0.6771931052207947,-0.7378025115030242,-0.6750166324023652
91,-0.7194772958755493,-0.6705842018127441,-0.7416312346028668,-0.6708078054565462
92,-0.7229661345481873,-0.6665294170379639,-0.7434891392778795,-0.6687480091752332
93,-0.7224599123001099,-0.6646544933319092,-0.7521728055336402,-0.6589659100557879
94,-0.7194384336471558,-0.6647676825523376,-0.7611292790121407,-0.6486002009176831
95,-0.7130377292633057,-0.6659232974052429,-0.7670893921762238,-0.6415402282091993
96,-0.7061025500297546,-0.6670452952384949,-0.7569573342374499,-0.6534643021192004
97,-0.7035142779350281,-0.6661989092826843,-0.7558502126959039,-0.6547445730722453
98,-0.7028510570526123,-0.6625688672065735,-0.7578013776169364,-0.6524853041118039
99,-0.7069766521453857,-0.6551859378814697,-0.7450087660777029,-0.6670546742714412
100,-0.718847930431366,-0.6418806314468384,-0.7387233235091781,-0.6740087917108754
101,-0.7340308427810669,-0.6234873533248901,-0.7544136481836224,-0.656399304870349
102,-0.7487735152244568,-0.6057484745979309,-0.7719634550859051,-0.6356669127867454
103,-0.7400470972061157,-0.6393849849700928,-0.7726533680559461,-0.6348281443286858
104,-0.7345548868179321,-0.657124936580658,-0.7636305433971506,-0.6456534621536327
105,-0.7089083194732666,-0.6732072830200195,-0.7392900289964309,-0.673387149436679
106,-0.6943236589431763,-0.6939091086387634,-0.71101788696138,-0.7031739218863099
107,-0.7211824059486389,-0.6761544346809387,-0.721256051320167,-0.6926685415363113
108,-0.7077136039733887,-0.6584276556968689,-0.7117882229556892,-0.702394138402067
109,-0.709102988243103,-0.6615481376647949,-0.706109576166673,-0.7081025818663008
110,-0.722432017326355,-0.6567273736000061,-0.7134840801306161,-0.7006714404056786
111,-0.7365670204162598,-0.6488562226295471,-0.72713008149197,-0.686499704726434
112,-0.7433174848556519,-0.6429823040962219,-0.7504545773699822,-0.6609220281579676
113,-0.7359020113945007,-0.6485802531242371,-0.7612655659511952,-0.6484402347919248
114,-0.7314406633377075,-0.6485795974731445,-0.7696388843970422,-0.638479433986778
115,-0.7219201326370239,-0.6534947156906128,-0.7623307446420905,-0.6471876356771936
116,-0.7121520042419434,-0.6592816114425659,-0.7491069830145244,-0.6624490380390609
117,-0.7095683813095093,-0.6590362191200256,-0.7498576364860032,-0.6615992178075977
118,-0.7077466249465942,-0.6563217043876648,-0.7523400954379951,-0.658774909051907
119,-0.7170644402503967,-0.6427752375602722,-0.7342837046561248,-0.6788427218999088
120,-0.7291051149368286,-0.6293026804924011,-0.7223881438957725,-0.6914877942225883
121,-0.7116454839706421,-0.6627877950668335,-0.7280380564304119,-0.685536715566007
122,-0.6995884776115417,-0.6784247756004333,-0.7413593891138186,-0.6711082298502871
123,-0.6756566762924194,-0.6957331895828247,-0.7437763330785274,-0.6684285798439946
124,-0.6646960973739624,-0.7123754024505615,-0.7076357067319021,-0.7065774597013702
125,-0.6464502215385437,-0.7265824675559998,-0.7004724626856368,-0.7136794301499233
126,-0.6278103590011597,-0.7411291599273682,-0.689023235900506,-0.7247392499300668
127,-0.611347496509552,-0.7567890882492065,-0.6829955955077477,-0.7304224917929465
128,-0.6428280472755432,-0.7350425720214844,-0.6882678683470346,-0.7254566433640464
129,-0.6281457543373108,-0.729788601398468,-0.6901708026991566,-0.723646504241955
130,-0.6330685615539551,-0.7372360825538635,-0.7041085980400731,-0.7100923053843372
131,-0.6472863554954529,-0.7304472327232361,-0.7060819062337561,-0.7081301728420456
132,-0.6564897298812866,-0.7238653302192688,-0.7212700804880053,-0.6926539330667417
133,-0.6589459180831909,-0.7207410931587219,-0.7295283659075407,-0.6839505562072988
134,-0.661410927772522,-0.717650830745697,-0.7192073888144137,-0.6947954604592296
135,-0.66107177734375,-0.7145029306411743,-0.7147217377778861,-0.6994089201230984
136,-0.6591081619262695,-0.7113099694252014,-0.7100463223425554,-0.7041549688298819
137,-0.6585628390312195,-0.7062015533447266,-0.7112088441738851,-0.7029807820764707
138,-0.6537092924118042,-0.7042720317840576,-0.711880849036118,-0.7023002611245533
139,-0.6624280214309692,-0.6917029619216919,-0.6950987445097492,-0.7189142754049126
140,-0.6742114424705505,-0.6797322034835815,-0.6832609595086837,-0.7301742677000285
141,-0.6871500015258789,-0.670598566532135,-0.6930077185035198,-0.7209301645059292
142,-0.6748107075691223,-0.7035308480262756,-0.7059608119338775,-0.7082508962321618
143,-0.6701508164405823,-0.7126868367195129,-0.7211565922259559,-0.6927720905817774
144,-0.6477502584457397,-0.7236774563789368,-0.7066460101535894,-0.7075672521633638
145,-0.6368128657341003,-0.7412583827972412,-0.6642535113530538,-0.7475073729771088
146,-0.620948314666748,-0.7543116807937622,-0.6466787478607587,-0.7627624774890551
147,-0.6036427617073059,-0.7639105319976807,-0.6247651545964912,-0.7808127186477065
148,-0.5826647281646729,-0.7787200808525085,-0.6116678355001893,-0.7911146939695365
149,-0.5641982555389404,-0.7933599352836609,-0.6013169775099256,-0.7990105709928547
150,-0.5515487194061279,-0.8025104403495789,-0.608825278782171,-0.7933043425544901
151,-0.5978533625602722,-0.7796505093574524,-0.5934085668988509,-0.8049014055963948
152,-0.5825695395469666,-0.769894540309906,-0.607077859840167,-0.7946423548313307
153,-0.5803318023681641,-0.778427004814148,-0.5795212376924712,-0.8149571369485552
154,-0.5821425318717957,-0.7747044563293457,-0.6096736275295089,-0.7926525518125893
155,-0.5829828977584839,-0.7735681533813477,-0.5626376069546463,-0.826703648982118
156,-0.5799304246902466,-0.7733707427978516,-0.5919641000404507,-0.8059643318803253
157,-0.5814980268478394,-0.7694755792617798,-0.5938038973910522,-0.8046098007377219
158,-0.5874181985855103,-0.7613085508346558,-0.5968155289290695,-0.8023784795401202
159,-0.5521259307861328,-0.8120098114013672,-0.6064391192517868,-0.7951299231201887
160,-0.5232710242271423,-0.8250930309295654,-0.6046114153046743,-0.7965205813306261
161,-0.529265284538269,-0.8210843801498413,-0.6060811842754281,-0.7954027898287097
162,-0.537992537021637,-0.8158572912216187,-0.6052196585142603,-0.7960585185448882
163,-0.5361031889915466,-0.811853289604187,-0.5589078955189888,-0.8292297415834379
164,-0.5236822366714478,-0.8224787712097168,-0.5291570937999144,-0.8485238771426699
165,-0.5103555917739868,-0.8332352042198181,-0.4919968575707171,-0.870596974575802
166,-0.4982552230358124,-0.8420379757881165,-0.4716282071269327,-0.8817975018348799
167,-0.48396188020706177,-0.8508898019790649,-0.4499836882427945,-0.8930367743354198
168,-0.46994173526763916,-0.8578164577484131,-0.4580603702670648,-0.8889210860311502
169,-0.45317375659942627,-0.8673785328865051,-0.4669519091523829,-0.8842827118851441
170,-0.515531599521637,-0.8355721235275269,-0.4813323537686247,-0.8765381709974503
171,-0.5071607828140259,-0.823788046836853,-0.4762896961441302,-0.8792884198867469
172,-0.5084988474845886,-0.8285854458808899,-0.4823054141777752,-0.8760031321033075
173,-0.5112653374671936,-0.824781060218811,-0.4789662835828225,-0.8778332980645353
174,-0.5170987844467163,-0.8190640807151794,-0.472395134755493,-0.8813868825092303
175,-0.5242999196052551,-0.8119292259216309,-0.5050973170028938,-0.8630623965603403
176,-0.5369689464569092,-0.8004212379455566,-0.5138961989916129,-0.8578523746321232
177,-0.5511752367019653,-0.7888367176055908,-0.5214440653458556,-0.8532854661340407
178,-0.5275858640670776,-0.8291963338851929,-0.528639895201134,-0.8488461940786058
179,-0.5245034098625183,-0.8236823081970215,-0.519017924297277,-0.8547633557062131
180,-0.5298080444335938,-0.8178696632385254,-0.5069842781658918,-0.8619553014470123
181,-0.532572865486145,-0.8158940076828003,-0.4830773108660112,-0.875577701706972
182,-0.5198659300804138,-0.8227672576904297,-0.4631262451298752,-0.8862923225843168
183,-0.5072231888771057,-0.833516001701355,-0.4560662865953058,-0.889945808592393
184,-0.4945964217185974,-0.8446128368377686,-0.4449156705714874,-0.8955724683574879
185,-0.4781433343887329,-0.8545264601707458,-0.4282502309782736,-0.9036601903741556
186,-0.46260061860084534,-0.8654600381851196,-0.422944705724131,-0.90615549212038
187,-0.44611626863479614,-0.8746658563613892,-0.4300779619697824,-0.902791751528512
188,-0.44171249866485596,-0.8774588108062744,-0.4442781837902233,-0.8958888856370865
189,-0.44016391038894653,-0.8763906955718994,-0.4179278992805126,-0.9084801984649844
190,-0.49893438816070557,-0.8448882102966309,-0.4250939717149817,-0.9051492226211004
191,-0.483081579208374,-0.8404455184936523,-0.4176690015271638,-0.9085992544369064
192,-0.4737035632133484,-0.8516169786453247,-0.4153769965086545,-0.9096493559451626
193,-0.47033029794692993,-0.8491278886795044,-0.4122673384690507,-0.9110629185910516
194,-0.47569340467453003,-0.8432297706604004,-0.3945519023118623,-0.9188736563761584
195,-0.4436168074607849,-0.8911328911781311,-0.4165316614090899,-0.9091212103145452
196,-0.42300254106521606,-0.8824517726898193,-0.4429945186951233,-0.8965243200304586
197,-0.41528281569480896,-0.8803903460502625,-0.4371813224921023,-0.8993733881231178
198,-0.4106360673904419,-0.8830806016921997,-0.4375409745276359,-0.899198473980804
199,-0.4071615934371948,-0.8857460021972656,-0.448394473059635,-0.8938357771590776
200,-0.4023662209510803,-0.8905043601989746,-0.4457109526617999,-0.8951769359614393
201,-0.39348822832107544,-0.8956730365753174,-0.4093863761866708,-0.9123611099738664
202,-0.3942251205444336,-0.8996890187263489,-0.398491000759766,-0.9171722424460304
203,-0.3853225111961365,-0.9015650749206543,-0.3778587311435805,-0.92586326166371
204,-0.37763383984565735,-0.903395414352417,-0.3410142118602116,-0.9400581403877948
205,-0.3695182204246521,-0.9065343737602234,-0.3117398283208417,-0.9501675007273676
206,-0.35746335983276367,-0.9089616537094116,-0.3049229745842554,-0.952377015456951
207,-0.345644474029541,-0.9103556275367737,-0.3144032271110622,-0.9492895294809428
208,-0.33832377195358276,-0.9092477560043335,-0.3145313747828326,-0.9492470775710724
209,-0.335915207862854,-0.9090597629547119,-0.3148537656441063,-0.9491401931536384
210,-0.3323662579059601,-0.9139739274978638,-0.3097371146329372,-0.9508222335530772
211,-0.3887125849723816,-0.8911916017532349,-0.2937631102051947,-0.9558782532742184
212,-0.3465932011604309,-0.9284587502479553,-0.3001820218674536,-0.9538819391033504
213,-0.3714776337146759,-0.9003226161003113,-0.300180650497184,-0.9538823706658424
214,-0.3319927752017975,-0.9410513639450073,-0.2958105623321714,-0.9552466232406815
215,-0.34845539927482605,-0.9087874293327332,-0.3186657667177775,-0.9478671474010326
216,-0.30672168731689453,-0.9519481062889099,-0.3481038848174148,-0.937455964499146
217,-0.27930426597595215,-0.9529718160629272,-0.3523046928072267,-0.9358853580572812
218,-0.26807689666748047,-0.9421758055686951,-0.3424515613241182,-0.9395354853046656
219,-0.26197972893714905,-0.9390896558761597,-0.348749054267803,-0.937216142171758
220,-0.26407483220100403,-0.9347823858261108,-0.3498179467158823,-0.9368177005989394
221,-0.2651371359825134,-0.9361857175827026,-0.3470053538406535,-0.937863148015702
222,-0.2594837248325348,-0.9367414712905884,-0.3442209827820341,-0.9388886595398682
223,-0.2546807527542114,-0.9398949146270752,-0.3184958230965043,-0.9479242642057856
224,-0.25128844380378723,-0.9409422278404236,-0.321460739310295,-0.9469229076762684
225,-0.24711893498897552,-0.9387446641921997,-0.3065042958102063,-0.9518692749794424
226,-0.23513568937778473,-0.9398941397666931,-0.3306544284250475,-0.9437519001108846
227,-0.21862052381038666,-0.9421562552452087,-0.3367669629847021,-0.9415880270277762
228,-0.20959362387657166,-0.9456565380096436,-0.3202968745473565,-0.9473172183356507
229,-0.20187614858150482,-0.947473406791687,-0.310263561003364,-0.9506505786636392
230,-0.1961096078157425,-0.9505263566970825,-0.3076939618860686,-0.9514853786679304
231,-0.20496775209903717,-0.9472015500068665,-0.3248592985842681,-0.9457623571084532
232,-0.2173989862203598,-0.9484977722167969,-0.3362177950975624,-0.9417842609959745
233,-0.283112108707428,-0.9150667786598206,-0.3396600443716226,-0.9405482732201826
234,-0.28328457474708557,-0.9083133339881897,-0.3445451356478714,-0.9387697531883896
235,-0.2749747633934021,-0.9121849536895752,-0.3443690819141324,-0.9388343492979032
236,-0.27585670351982117,-0.9077314138412476,-0.331643935409125,-0.9434046322264632
237,-0.28996121883392334,-0.9032869338989258,-0.3594350485484919,-0.9331701055407547
238,-0.29369258880615234,-0.9455089569091797,-0.3841461331579794,-0.9232723045666278
239,-0.29185914993286133,-0.9322895407676697,-0.392284204898169,-0.9198440642779684
240,-0.30483943223953247,-0.9253541827201843,-0.3937777324866092,-0.9192056882970776
241,-0.3256629705429077,-0.9103570580482483,-0.4056970289971664,-0.9140076152105476
242,-0.33407533168792725,-0.9009748697280884,-0.4102400807772799,-0.9119775633884042
243,-0.3338845372200012,-0.9039636850357056,-0.4097941666691481,-0.9121780204345742
244,-0.32718831300735474,-0.9099947810173035,-0.399956007072749,-0.9165343378217878
245,-0.3184652328491211,-0.9158142805099487,-0.3808417475710473,-0.9246402345274788
246,-0.30601853132247925,-0.9194589257240295,-0.3579529897822763,-0.9337396088342454
247,-0.2895464301109314,-0.9245197772979736,-0.3398790846198604,-0.94046914241668
248,-0.27356579899787903,-0.9303005933761597,-0.3413040733340676,-0.9399529400590082
249,-0.2573656737804413,-0.936445415019989,-0.3392800458625592,-0.940685415258204
250,-0.24071243405342102,-0.9409421682357788,-0.3333748404376481,-0.9427943655767002
251,-0.2376614660024643,-0.9448609948158264,-0.3466030870787419,-0.9380118869329356
252,-0.2396494299173355,-0.9488977193832397,-0.3605844339951444,-0.9327265762056968
253,-0.31601613759994507,-0.9138631820678711,-0.3483448395040033,-0.9373664559770262
254,-0.3278089761734009,-0.9012249112129211,-0.3611976590098113,-0.9324892766814168
255,-0.3289111852645874,-0.8932884335517883,-0.3626556098277566,-0.9319232310981724
256,-0.33762529492378235,-0.8860230445861816,-0.3584670141386687,-0.9335423931319388
257,-0.35784250497817993,-0.8781030178070068,-0.3671714312559802,-0.9301532884796112
258,-0.38536399602890015,-0.8644839525222778,-0.375846760817253,-0.9266818290994912
259,-0.3861319422721863,-0.8998268246650696,-0.3798968513018025,-0.9250288548856064
260,-0.3867834210395813,-0.884316086769104,-0.391340057963043,-0.9202461404610628
261,-0.39602938294410706,-0.8825746774673462,-0.3961506335026402,-0.9181855343967562
262,-0.41049396991729736,-0.8782804012298584,-0.3995474983131378,-0.9167124939650998
263,-0.41737037897109985,-0.8750017881393433,-0.4107553504795005,-0.9117456016085094
264,-0.4154124855995178,-0.8801224827766418,-0.3998943124883263,-0.916561257548828
265,-0.4084446430206299,-0.8873707056045532,-0.3950742362387976,-0.9186491973873
266,-0.4046255648136139,-0.8899024724960327,-0.3928541314192946,-0.9196008000359676
267,-0.40130162239074707,-0.8914004564285278,-0.3779384184052627,-0.925830736092364
268,-0.3974691927433014,-0.8928532004356384,-0.3743119274026857,-0.927302852904102
269,-0.38598835468292236,-0.896765947341919,-0.3741523144945144,-0.927367265735856
270,-0.38145166635513306,-0.9018242955207825,-0.3718745767285271,-0.928282984430383
271,-0.37220990657806396,-0.9076225757598877,-0.3763563793936156,-0.926474973050934
272,-0.3638664782047272,-0.9109501838684082,-0.3935876211044991,-0.9192871066828368
273,-0.3624538481235504,-0.9106374382972717,-0.4100235686992392,-0.9120749273558288
274,-0.3664264380931854,-0.9092172384262085,-0.4291811763841452,-0.9032184219985336
275,-0.4309341311454773,-0.8717344999313354,-0.4357700760819588,-0.9000580207917286
276,-0.4298226833343506,-0.8676632642745972,-0.4468350387952324,-0.8946163692359218
277,-0.4236370921134949,-0.8775217533111572,-0.4474828871240092,-0.8942924945067812
278,-0.4291626214981079,-0.871050238609314,-0.4525689648710889,-0.8917294051647681
279,-0.44298219680786133,-0.8626563549041748,-0.4621523132987555,-0.8868005634372415
280,-0.4632112979888916,-0.8475590944290161,-0.4703020561765536,-0.8825055104395133
281,-0.4437810182571411,-0.8908035755157471,-0.4829901229343687,-0.8756257997271685
282,-0.4296227693557739,-0.879835307598114,-0.4763765388494554,-0.879241373704521
283,-0.42675575613975525,-0.876197099685669,-0.4650682810489662,-0.8852748126780519
284,-0.43479517102241516,-0.8722030520439148,-0.4785389973599535,-0.8780663004612638
285,-0.43792644143104553,-0.8690313100814819,-0.5038920732944467,-0.863766622688689
286,-0.43564504384994507,-0.8746067881584167,-0.4919012916578137,-0.8706509744239505
287,-0.43166613578796387,-0.8804485201835632,-0.4655335906770268,-0.8850302118862127
288,-0.42913299798965454,-0.8844071626663208,-0.4379009590408957,-0.8990232199843694
289,-0.4138927161693573,-0.8896356225013733,-0.430646065833189,-0.9025208950392212
290,-0.4039234220981598,-0.8923923969268799,-0.4153122228655611,-0.9096789310182284
291,-0.3880779445171356,-0.8972722291946411,-0.4086767465654954,-0.912679197098653
292,-0.3702712059020996,-0.9028895497322083,-0.4082846753866945,-0.9128546564729686
293,-0.3600030541419983,-0.9080861806869507,-0.4141641097243839,-0.9102022249018118
294,-0.3543202877044678,-0.9112818837165833,-0.4254707517169386,-0.9049721760548348
295,-0.3476393222808838,-0.9127466082572937,-0.4380345331813183,-0.8989581457112586
296,-0.34819847345352173,-0.9133144617080688,-0.4454651008308278,-0.8952993041110779
297,-0.4136987626552582,-0.8769863843917847,-0.4345417896558476,-0.9006516713151056
298,-0.4178396165370941,-0.8681066036224365,-0.4475107487638881,-0.8942785526561532
299,-0.42004549503326416,-0.8713605999946594,-0.4481945386180669,-0.8939360466794803
300,-0.4254659414291382,-0.8632524013519287,-0.4512100307596934,-0.8924177878896389
301,-0.44241446256637573,-0.8523569107055664,-0.4492249883675617,-0.8934186643596406
302,-0.46581944823265076,-0.8361833095550537,-0.4358269355761292,-0.9000304896092801
303,-0.4948820471763611,-0.8166548013687134,-0.4484558018723851,-0.8938050088061691
304,-0.4842582941055298,-0.8475356101989746,-0.4540044399271035,-0.8909994211706745
305,-0.48065441846847534,-0.8378605842590332,-0.4468228134906733,-0.8946224753180969
306,-0.4782978892326355,-0.8445064425468445,-0.4456253534360914,-0.8952195509342714
307,-0.4838637113571167,-0.8459073305130005,-0.4518149653643435,-0.8921116729831625
308,-0.4908510446548462,-0.8393388986587524,-0.474022533882013,-0.8805127127827718
309,-0.49517083168029785,-0.8371120691299438,-0.461284505938986,-0.8872522778672509
310,-0.48598530888557434,-0.846960723400116,-0.4382731309250005,-0.8988418452148283
311,-0.4767654538154602,-0.8515303134918213,-0.4202201316689365,-0.9074221955298104
312,-0.46889084577560425,-0.8575758934020996,-0.4071309382287079,-0.9133698041521912
313,-0.4564439654350281,-0.8636303544044495,-0.4049573087265707,-0.9143355938105728
314,-0.4432942271232605,-0.8701862096786499,-0.41986640642633,-0.9075859192135144
315,-0.4354357421398163,-0.8770171999931335,-0.415011240894552,-0.9098162836150846
316,-0.42269134521484375,-0.8861761093139648,-0.4135091750341613,-0.9104999517641764
317,-0.4173571467399597,-0.8892852067947388,-0.42414475425061,-0.9055944055931936
318,-0.4204476475715637,-0.8882541656494141,-0.4361457320381196,-0.8998760472559166
319,-0.4822705090045929,-0.850195050239563,-0.4534870805128367,-0.8912628500099978
320,-0.4726780652999878,-0.8462836742401123,-0.4642862351707184,-0.8856852103490271
321,-0.4654277265071869,-0.8561025261878967,-0.4728782823185271,-0.8811277603795487
322,-0.46856528520584106,-0.8485380411148071,-0.4778235105206622,-0.8784558570547017
323,-0.48092198371887207,-0.8368822932243347,-0.4822952444459665,-0.8760087312263534
324,-0.4982149600982666,-0.8217231631278992,-0.4856931594959932,-0.8741293696123016
325,-0.5223780274391174,-0.8038309216499329,-0.4976822967723256,-0.8673594015628255
326,-0.5086396932601929,-0.8379573822021484,-0.4947920965934537,-0.8690113814839564
327,-0.5620586276054382,-0.8026311993598938,-0.4890751772212546,-0.8722416356870373
328,-0.5092743635177612,-0.8353511691093445,-0.4718922528190058,-0.8816562265018058
329,-0.5089094042778015,-0.8407289385795593,-0.4734340713547371,-0.8808292570529647
330,-0.5212096571922302,-0.8288567066192627,-0.4832173878951177,-0.8755004032185361
331,-0.5304881930351257,-0.8178888559341431,-0.4752185245662423,-0.8798678047917674
332,-0.5078215003013611,-0.8265590667724609,-0.4691246822708315,-0.8831319451159557
333,-0.48964959383010864,-0.8412367701530457,-0.4554873777028073,-0.8902422416137196
334,-0.47579455375671387,-0.8520081043243408,-0.4507349426700278,-0.892657835598975
335,-0.4601660370826721,-0.8621935844421387,-0.4310350511880876,-0.9023351842011276
336,-0.4492495059967041,-0.8682825565338135,-0.4386423631222405,-0.8986617145926138
337,-0.4402655363082886,-0.8712607622146606,-0.4388053997344084,-0.8985821170955529
338,-0.42453184723854065,-0.8781449794769287,-0.4353039183818301,-0.9002835656844043
339,-0.41256099939346313,-0.8844070434570312,-0.4313500044387655,-0.9021846671666932
340,-0.40932679176330566,-0.8890546560287476,-0.4434848559788542,-0.8962818655520232
341,-0.4077683687210083,-0.8894861936569214,-0.4410716470139608,-0.8974718949362102
342,-0.47133535146713257,-0.855498731136322,-0.418631040573949,-0.9081564027566909
343,-0.46009671688079834,-0.8508416414260864,-0.4280916398042602,-0.9037353306857596
344,-0.4578080475330353,-0.8587164282798767,-0.4266577632481146,-0.9044131539623448
345,-0.45655983686447144,-0.8544301986694336,-0.4294415177695831,-0.9030946699077328
346,-0.46068212389945984,-0.8511453866958618,-0.4318113305805379,-0.9019639542588526
347,-0.46916794776916504,-0.8442018628120422,-0.4284124797398565,-0.9035832818302622
348,-0.4805110692977905,-0.8346258401870728,-0.4245696137863287,-0.9053952965690332
349,-0.49561208486557007,-0.8238019347190857,-0.4395085330847068,-0.8982384145346541
350,-0.482613205909729,-0.8608860969543457,-0.4424016053674011,-0.8968170491066426
351,-0.48776954412460327,-0.8438408374786377,-0.4421521928921845,-0.8969400416530819
352,-0.4870604872703552,-0.8418582081794739,-0.4424062091827089,-0.8968147780208493
353,-0.4901312589645386,-0.8407208323478699,-0.4465086588665861,-0.8947793122089729
354,-0.48845797777175903,-0.839766800403595,-0.4413664802809132,-0.8973269360074054
355,-0.4836103022098541,-0.8429733514785767,-0.4322601648274893,-0.9017489395077278
356,-0.47498834133148193,-0.8509802222251892,-0.4153629392767161,-0.9096557748266136
357,-0.4636823534965515,-0.8623834848403931,-0.4058622634220903,-0.9139342553651756
358,-0.45348018407821655,-0.8685555458068848,-0.4011170301475393,-0.9160268162699268
359,-0.4444950819015503,-0.8733103275299072,-0.3844837076407411,-0.9231317774612836
360,-0.4352894127368927,-0.8782311677932739,-0.3858396570702812,-0.9225658562031698
361,-0.42767512798309326,-0.883235514163971,-0.3841374627019464,-0.9232759120376264
362,-0.42229777574539185,-0.886707067489624,-0.3776081613155032,-0.9259654834322524
363,-0.4175190329551697,-0.8909115791320801,-0.3881476479180887,-0.9215972023696988
364,-0.41335082054138184,-0.8929107189178467,-0.3954370114045719,-0.918493097421761
365,-0.4144929051399231,-0.8908843398094177,-0.4041980551631476,-0.9146714886790388
366,-0.41985782980918884,-0.8867771625518799,-0.4053767730928337,-0.9141496988113276
367,-0.4214206337928772,-0.8852067589759827,-0.3946787070087307,-0.918819197793514
368,-0.48079144954681396,-0.8495892286300659,-0.4184004736453377,-0.9082626512487216
369,-0.4688602089881897,-0.8452548980712891,-0.4282913622138011,-0.9036406968773854
370,-0.46175503730773926,-0.8556900024414062,-0.4327535951156295,-0.901512243907146
371,-0.4638531804084778,-0.8519430756568909,-0.4394355125031088,-0.8982741398655146
372,-0.4765453040599823,-0.84244704246521,-0.4403061792231901,-0.8978476867141085
373,-0.5008845329284668,-0.825494647026062,-0.4492338556820281,-0.8934142056790113
374,-0.4728686213493347,-0.8686256408691406,-0.4619911536625947,-0.8868845324716769
375,-0.45748385787010193,-0.8628115653991699,-0.4729261359708145,-0.8811020768989906
376,-0.4487004280090332,-0.8648490905761719,-0.4680660657446678,-0.883693475192789
377,-0.44102728366851807,-0.8713282346725464,-0.4672601997827124,-0.8841198480404224
378,-0.4261767864227295,-0.8770728707313538,-0.4752608434081916,-0.879844946978122
379,-0.42486780881881714,-0.8791772723197937,-0.487912827075222,-0.8728923605894741
380,-0.42534250020980835,-0.8789308667182922,-0.5171753496794635,-0.8558794644597594
381,-0.4242299795150757,-0.8816605806350708,-0.5269100017674697,-0.8499210845939786
382,-0.4253406226634979,-0.8824507594108582,-0.511014194079645,-0.8595722735460533
383,-0.4305918216705322,-0.8797460794448853,-0.4954369327709141,-0.868643911880207
384,-0.43647459149360657,-0.877163290977478,-0.493842788305206,-0.8695512063351643
385,-0.44081756472587585,-0.8752701282501221,-0.5105309879185596,-0.8598593549964434
386,-0.4443209767341614,-0.87197345495224,-0.5079653328951567,-0.8613775133916096
387,-0.4397580027580261,-0.8718465566635132,-0.527216192585004,-0.8497311847144202
388,-0.42884141206741333,-0.8743016719818115,-0.5251686304625831,-0.8509981842389882
389,-0.4174228310585022,-0.8808698058128357,-0.5097241601915387,-0.8603378874122832
390,-0.4078560769557953,-0.8884340524673462,-0.5200348981273091,-0.854145013876285
391,-0.47024548053741455,-0.8527286052703857,-0.5383100332279187,-0.8427468825965226
392,-0.4669710695743561,-0.8492439985275269,-0.5442698004084998,-0.8389102361774422
393,-0.46039101481437683,-0.858527660369873,-0.5569953039015688,-0.8305156418945997
394,-0.46711254119873047,-0.8527096509933472,-0.5436640043298526,-0.8393029550740483
395,-0.4875837564468384,-0.8417226076126099,-0.5470159591447478,-0.837122177726138
396,-0.5044204592704773,-0.8281229734420776,-0.5548110195483273,-0.8319764014608501
397,-0.5229274034500122,-0.8125344514846802,-0.585606552694307,-0.8105954388235169
398,-0.5422763228416443,-0.798600435256958,-0.5722268719024264,-0.820095364620947
399,-0.5635226964950562,-0.7836322784423828,-0.5816202170144371,-0.8134604619525642
400,-0.5445373058319092,-0.8160187005996704,-0.5658150066886589,-0.8245322178095364
401,-0.5482298135757446,-0.8049662113189697,-0.5612966503353644,-0.8276146871112786
402,-0.5544049143791199,-0.8025105595588684,-0.5662499489004154,-0.8242335805888261
403,-0.5580018162727356,-0.80292147397995,-0.564384157858659,-0.8255122787446425
404,-0.5541092157363892,-0.8074679374694824,-0.5410387980996085,-0.8409976331422884
405,-0.5491321086883545,-0.8133822679519653,-0.5137072207507721,-0.857965553707442
406,-0.5467417240142822,-0.817544162273407,-0.5029478375720557,-0.8643167664008335
407,-0.5432981848716736,-0.8197181224822998,-0.4901972244234523,-0.8716115425850804
408,-0.5397055745124817,-0.8208869099617004,-0.4819103158902712,-0.876220547258816
409,-0.530893862247467,-0.825364887714386,-0.4651162842388926,-0.8852495931294211
410,-0.5161352753639221,-0.8327840566635132,-0.466708017368974,-0.884411457707057
411,-0.49894285202026367,-0.8428778648376465,-0.4462243996080367,-0.8949211055698972
412,-0.4841352701187134,-0.8527112603187561,-0.4569076042283062,-0.8895141602011457
413,-0.4736824631690979,-0.8594050407409668,-0.4693480215669862,-0.8830132698046819
414,-0.46902310848236084,-0.8625155687332153,-0.4550077552189885,-0.8904874747522151
415,-0.5246772170066833,-0.8341890573501587,-0.4563475415968228,-0.8898016190581673
416,-0.5092757940292358,-0.8272180557250977,-0.4666442258433171,-0.8844451178490903
417,-0.5076327919960022,-0.8364896178245544,-0.463587660670565,-0.8860510599700183
418,-0.5046336054801941,-0.832274317741394,-0.463689170399969,-0.8859979420144205
419,-0.5084901452064514,-0.8261033892631531,-0.4666230570847958,-0.8844562864250779
420,-0.5187003016471863,-0.8171559572219849,-0.467170282920151,-0.8841673635439763
421,-0.5318134427070618,-0.8066451549530029,-0.4829814804507304,-0.8756305668154925
422,-0.5059770345687866,-0.848591685295105,-0.4696726090830029,-0.8828406652829064
423,-0.49776309728622437,-0.8441140651702881,-0.4560710140695194,-0.8899433859103624
424,-0.4975675046443939,-0.843862771987915,-0.4637471380793487,-0.8859676020731309
425,-0.5001363754272461,-0.8466594219207764,-0.4748033406610858,-0.8800919200271485
426,-0.4991215467453003,-0.8452878594398499,-0.4585995528622998,-0.8886430386350296
427,-0.4848901033401489,-0.8530262112617493,-0.4418015314968593,-0.8971128171902515
428,-0.4730280041694641,-0.862335205078125,-0.430045244378244,-0.9028073370258222
429,-0.46369341015815735,-0.8675202131271362,-0.4136387075013543,-0.910441112679238
430,-0.45015251636505127,-0.8746956586837769,-0.3959202565280784,-0.9182848961355842
431,-0.4344646632671356,-0.8815979957580566,-0.3927800472012319,-0.9196324453392224
432,-0.4190290868282318,-0.8912647366523743,-0.3756175856251645,-0.9267747457549338
433,-0.4113004207611084,-0.8975867033004761,-0.3950695942604247,-0.918651193702432
434,-0.4069189131259918,-0.8985835909843445,-0.4028994228211974,-0.9152442597964467
435,-0.40574029088020325,-0.899280309677124,-0.3870150904612407,-0.922073380895077
436,-0.4591452479362488,-0.8663856983184814,-0.4110110684678878,-0.9116303535956256
437,-0.4395427107810974,-0.8640772104263306,-0.4288165253165467,-0.9033916025818722
438,-0.4252810478210449,-0.8773432970046997,-0.4282041470935769,-0.9036820283771624
439,-0.42333269119262695,-0.8721994757652283,-0.434568970290367,-0.9006385568366314
440,-0.4362161457538605,-0.8623186945915222,-0.4366479156436193,-0.8996324792736659
441,-0.4430391192436218,-0.8531352281570435,-0.4370523938211893,-0.8994360483409413
442,-0.42574116587638855,-0.8962714672088623,-0.4504629979209205,-0.8927950982751287
443,-0.4101858139038086,-0.8890867829322815,-0.4399144633135287,-0.8980396789494159
444,-0.40502265095710754,-0.8904100656509399,-0.4366295595250994,-0.8996413884148048
445,-0.4076721668243408,-0.8907675743103027,-0.4413215235754754,-0.8973490473773409
446,-0.4008426070213318,-0.8913357257843018,-0.43538026927286,-0.9002466446079607
447,-0.38966840505599976,-0.8995876312255859,-0.4222814874417448,-0.9064647513080624
448,-0.37956473231315613,-0.906704843044281,-0.4127352953537401,-0.9108510174387802
449,-0.36993208527565,-0.9113929867744446,-0.3979106367076218,-0.9174241795347096
450,-0.3600146174430847,-0.9129824638366699,-0.3910612218478327,-0.9203646672742714
451,-0.3536258935928345,-0.9137689471244812,-0.3793834234745244,-0.9252395462758548
452,-0.34985512495040894,-0.914179801940918,-0.380663581432699,-0.9247135976997586
453,-0.34475401043891907,-0.9144749641418457,-0.3932073970335394,-0.9194498044581382
454,-0.3382432758808136,-0.9178247451782227,-0.3883957816773263,-0.9214926569296462
455,-0.33725225925445557,-0.9206677675247192,-0.3906242136186197,-0.9205502287951672
456,-0.33833861351013184,-0.9197317361831665,-0.3861341820685076,-0.922442623385479
457,-0.3984402120113373,-0.8872711658477783,-0.405835651437985,-0.9139460728193466
458,-0.38481563329696655,-0.8853566646575928,-0.4327480124414662,-0.9015149237411216
459,-0.3680364489555359,-0.9000205993652344,-0.4261738760946463,-0.904641269970846
460,-0.3579089939594269,-0.8997724056243896,-0.4230833925701527,-0.9060907476248335
461,-0.3588826358318329,-0.8985089063644409,-0.4185308594653201,-0.9082025763425364
462,-0.36849212646484375,-0.8905531167984009,-0.4299172979633735,-0.9028682721814252
463,-0.3571433424949646,-0.9345259070396423,-0.4485883710450655,-0.8937384815275298
464,-0.3498849868774414,-0.9170620441436768,-0.4395929526640106,-0.8981971030726702
465,-0.3632245361804962,-0.9069585800170898,-0.4550562884090758,-0.890462674332482
466,-0.37629908323287964,-0.8974146842956543,-0.4695483926938256,-0.8829067373843316
467,-0.36693283915519714,-0.8993748426437378,-0.455385298368669,-0.8902944625401633
468,-0.358392596244812,-0.9053057432174683,-0.4224525968110359,-0.9063850194302708
469,-0.35167396068573,-0.910704493522644,-0.434983161590233,-0.9004385870968465
470,-0.34744638204574585,-0.9103034734725952,-0.4354033195718017,-0.9002354965817864
471,-0.34305644035339355,-0.9121907949447632,-0.4264391459472251,-0.9045162545824156
472,-0.3388606905937195,-0.914009690284729,-0.4282127300440628,-0.9036779613491804
473,-0.3302488923072815,-0.9209734797477722,-0.4324953856941511,-0.9016361468759266
474,-0.3191475570201874,-0.9240198135375977,-0.4200417991394295,-0.9075047586518272
475,-0.3111504316329956,-0.9243587851524353,-0.4338825569539172,-0.9009694372014684
476,-0.31627362966537476,-0.9217376708984375,-0.4550777189846348,-0.8904517222644592
477,-0.3979915678501129,-0.8859467506408691,-0.4603513593309425,-0.8877367999368695
478,-0.4117124378681183,-0.873771071434021,-0.4712279893857386,-0.8820114409799196
479,-0.4152691960334778,-0.8741093873977661,-0.4660722168816129,-0.8847466804973381
480,-0.4225732684135437,-0.8683311939239502,-0.4531617781012791,-0.8914282937332015
481,-0.4376242756843567,-0.8618019819259644,-0.4548080796405993,-0.8905894737159373
482,-0.4550897181034088,-0.8516411185264587,-0.4575926310272736,-0.8891619560178772
483,-0.47481974959373474,-0.8363978266716003,-0.4707842491796022,-0.8822483724691127
484,-0.45939356088638306,-0.8690744042396545,-0.4665755780385586,-0.8844813338776488
485,-0.4555957317352295,-0.8550483584403992,-0.4695193035298136,-0.8829222069995062
486,-0.4635530710220337,-0.8504294157028198,-0.4676172847412685,-0.8839310352121388
487,-0.46593472361564636,-0.8538095355033875,-0.4607373162667367,-0.8875365487681761
488,-0.4620937705039978,-0.8567360639572144,-0.4397481298606999,-0.8981211400941507
489,-0.4557996690273285,-0.8659055829048157,-0.4237398910237084,-0.9057839172535664
490,-0.4430840015411377,-0.8719431757926941,-0.4178726987557,-0.908505590315562
491,-0.4335576891899109,-0.8767644166946411,-0.401987581642247,-0.91564511914028
492,-0.4230186939239502,-0.8812785744667053,-0.3975166324419393,-0.91759496888988
493,-0.4173112213611603,-0.8868658542633057,-0.4000681495412798,-0.916485393076516
494,-0.4094945192337036,-0.8927227258682251,-0.4113386562128133,-0.9114825889204012
495,-0.40398767590522766,-0.8945307731628418,-0.4201186153711623,-0.9074692000385564
496,-0.40353721380233765,-0.8948014974594116,-0.4224083269101411,-0.9064056516576756
497,-0.46376195549964905,-0.86016845703125,-0.4228540468015055,-0.9061978013124896
498,-0.4544205069541931,-0.855305552482605,-0.4353228571018214,-0.9002744082137997
499,-0.45098695158958435,-0.8616442084312439,-0.4463369081614352,-0.8948649978700086
500,-0.4561658501625061,-0.8536842465400696,-0.4487255845395567,-0.8936695976587954
501,-0.46909040212631226,-0.8439269661903381,-0.4341333982544826,-0.9008485957806754
502,-0.4441069960594177,-0.8884202837944031,-0.4724026030157033,-0.8813828797202654
503,-0.4281601905822754,-0.8850530385971069,-0.4653584794898586,-0.8851222997794638
504,-0.4216984212398529,-0.8834168910980225,-0.4560404382668447,-0.8899590544881175
505,-0.4233948588371277,-0.883256733417511,-0.4746618731455959,-0.8801682260692635
506,-0.4208237826824188,-0.8805686235427856,-0.4908567506760086,-0.8712402942448143
507,-0.416544646024704,-0.8868222236633301,-0.4795035540846455,-0.8775399373362978
508,-0.4125651717185974,-0.8889937400817871,-0.4693172541998813,-0.8830296228951121
509,-0.4092751145362854,-0.8904995918273926,-0.45680386074684,-0.8895674414044061
510,-0.401236891746521,-0.8931095600128174,-0.431636894112668,-0.9020474442293872
511,-0.3935398459434509,-0.896820604801178,-0.4146070183843473,-0.9100005606077622
512,-0.3828161656856537,-0.900368332862854,-0.4171652384610516,-0.908830657394288
513,-0.3723127245903015,-0.9050047397613525,-0.4223280894467332,-0.9064430400550672
514,-0.3469616770744324,-0.913221538066864,-0.4041687471284006,-0.9146844394897397
515,-0.3351220488548279,-0.9140700101852417,-0.4080900974934569,-0.9129416587755106
516,-0.3295620083808899,-0.9161059260368347,-0.4312611961130313,-0.9022271225845284
517,-0.32962673902511597,-0.9164955615997314,-0.4363149245288705,-0.8997940245597134
518,-0.3868516683578491,-0.887863039970398,-0.4416524691212307,-0.8971862106157897
519,-0.38035401701927185,-0.883997917175293,-0.4381514373369116,-0.8989011725209832
520,-0.37531915307044983,-0.8874836564064026,-0.4313213323244814,-0.9021983752378598
521,-0.38364601135253906,-0.8754371404647827,-0.4332716895039014,-0.9012633594429738
522,-0.4009551703929901,-0.8644761443138123,-0.4454882727796248,-0.8952877743026689
523,-0.3954351544380188,-0.9045534729957581,-0.4676646769718592,-0.8839059621434887
524,-0.38966095447540283,-0.8963567614555359,-0.4568836808342468,-0.8895264482787176
525,-0.3903309404850006,-0.8960407972335815,-0.4598367585935113,-0.8880034658976353
526,-0.3963627815246582,-0.8953405618667603,-0.4606706821040353,-0.8875711366700716
527,-0.4014463722705841,-0.8863505721092224,-0.4871153788151354,-0.8733376252754642
528,-0.40210121870040894,-0.8855108022689819,-0.4746343668559576,-0.88018305925486
529,-0.3959442377090454,-0.8893900513648987,-0.4829910891780631,-0.875625266752044
530,-0.38775956630706787,-0.8903704881668091,-0.4612303893095512,-0.8872804111313175
531,-0.3778567910194397,-0.8955222368240356,-0.4207772811418157,-0.907163976177902
532,-0.36666953563690186,-0.8982020616531372,-0.4027903091053181,-0.9152922849510108
533,-0.3525712490081787,-0.9009184837341309,-0.4151673327442683,-0.909745066390585
534,-0.33751213550567627,-0.9069398641586304,-0.3960330942076449,-0.9182362377364108
535,-0.3166864514350891,-0.9153984189033508,-0.3942976504847043,-0.9189827870108568
536,-0.3098609149456024,-0.9169350862503052,-0.4154762535742616,-0.9096040252307022
537,-0.3055012822151184,-0.9247674942016602,-0.4146082075101022,-0.9100000188270656
538,-0.37494176626205444,-0.8950302600860596,-0.4300618672529124,-0.9027994186611654
539,-0.3751884698867798,-0.8897480964660645,-0.4352273452731662,-0.9003205861949798
540,-0.3722352087497711,-0.889243483543396,-0.4176778732770141,-0.9085951761784732
541,-0.379788339138031,-0.8786345720291138,-0.4076787733693464,-0.913125411837862
542,-0.3648614287376404,-0.9257885217666626,-0.4389269463663127,-0.8985227519398404
543,-0.35105881094932556,-0.91799396276474,-0.4336039940107986,-0.9011035325521054
544,-0.3518095910549164,-0.9110897779464722,-0.4436293785977482,-0.8962103405144217
545,-0.35950011014938354,-0.906408429145813,-0.449134997509082,-0.8934639075041123
546,-0.3629511892795563,-0.9011262059211731,-0.4686831674786248,-0.8833663387984644
547,-0.3607504367828369,-0.9028515219688416,-0.4504651632153659,-0.8927940057646857
548,-0.3550434112548828,-0.9108444452285767,-0.4412546249693691,-0.8973819454073841
549,-0.34583425521850586,-0.9144982099533081,-0.4408338206072525,-0.8975887380135809
550,-0.337838351726532,-0.9174576997756958,-0.4284926807446764,-0.9035452520755344
551,-0.33232754468917847,-0.918424129486084,-0.4171643144042811,-0.9088310815479442
552,-0.324270635843277,-0.9199175238609314,-0.4150896463938001,-0.9097805149906596
553,-0.31399446725845337,-0.9220170974731445,-0.3947331552747429,-0.9187958076345611
554,-0.3019176721572876,-0.9281786680221558,-0.3848887601848705,-0.9229629690747908
555,-0.2965615391731262,-0.929625391960144,-0.4133645662652276,-0.9105656128782594
556,-0.29552990198135376,-0.9286640882492065,-0.4259387743447644,-0.9047519883977486
557,-0.29926997423171997,-0.9264765977859497,-0.4286844609597883,-0.903454278274012
558,-0.36585479974746704,-0.8960244655609131,-0.4366990863733428,-0.8996076411195537
559,-0.3600795269012451,-0.8946642279624939,-0.4393029011188748,-0.8983390011952838
560,-0.3516567349433899,-0.8970644474029541,-0.4326635602934008,-0.9015554578583832
561,-0.3558100461959839,-0.8889113664627075,-0.4467171665912543,-0.8946752332956811
562,-0.345744252204895,-0.9376463890075684,-0.4697479814898521,-0.8828005629167947
563,-0.3365999758243561,-0.9270027875900269,-0.4447108359473586,-0.8956741999136748
564,-0.344699501991272,-0.9156937599182129,-0.4392403797738251,-0.8983695724901561
565,-0.3517763018608093,-0.9090657234191895,-0.4612599501501114,-0.8872650440468828
566,-0.3465805649757385,-0.9064531326293945,-0.4622646248878549,-0.8867420236896922
567,-0.34338217973709106,-0.9105774164199829,-0.4575542781665278,-0.8891816926430209
568,-0.3411233723163605,-0.9115610718727112,-0.4440360617230271,-0.8960089150725589
569,-0.33829185366630554,-0.9128314256668091,-0.4341819545021366,-0.9008251941329708
570,-0.3351629972457886,-0.9138715267181396,-0.4065227510551331,-0.9136406585056108
571,-0.32902640104293823,-0.9161589741706848,-0.402514671872301,-0.9154135343807922
572,-0.3209986090660095,-0.9216834306716919,-0.3873731321071831,-0.9219230209304196
573,-0.3090001344680786,-0.9266390800476074,-0.4067241500721067,-0.9135510197838556
574,-0.30120036005973816,-0.9246788024902344,-0.4253391188073026,-0.9050340512998544
575,-0.30494317412376404,-0.9235855340957642,-0.430051554406815,-0.9028043312657966
576,-0.375729501247406,-0.8878299593925476,-0.4225931696772545,-0.90631948723512
577,-0.382772833108902,-0.8814364671707153,-0.4283555475324851,-0.9036102726829442
578,-0.38495874404907227,-0.8797997236251831,-0.4437532747106822,-0.8961490005482045
579,-0.39069581031799316,-0.8737167119979858,-0.4270254521384382,-0.904239604986401
580,-0.407248318195343,-0.8650507926940918,-0.416983887332865,-0.9089138780460844
581,-0.4344562888145447,-0.8484405875205994,-0.4480670717516922,-0.8939999436307946
582,-0.4281920790672302,-0.8831126689910889,-0.460316024258714,-0.8877551226608895
583,-0.42672160267829895,-0.8734468817710876,-0.4489144438089342,-0.8935747434544663
584,-0.4305732548236847,-0.8742197751998901,-0.4546219407552127,-0.890684506985478
585,-0.4461790919303894,-0.8648360967636108,-0.4793887073491506,-0.8776026818931847
586,-0.4573327600955963,-0.8566484451293945,-0.5062653346772589,-0.8623777657756043
587,-0.45952147245407104,-0.8575430512428284,-0.4861675522916522,-0.8738656138667682
588,-0.4612741470336914,-0.8551206588745117,-0.4670813026951121,-0.8842143725775085
589,-0.46166563034057617,-0.8589566946029663,-0.4615684904500763,-0.8871045759230632
590,-0.4572256803512573,-0.862550675868988,-0.4584663397262543,-0.8887117729264145
591,-0.4495113492012024,-0.8665837645530701,-0.4406145951881078,-0.897696373228287
592,-0.43812429904937744,-0.8735111951828003,-0.4381152780818018,-0.898918796728217
593,-0.4230341911315918,-0.8809765577316284,-0.4450066723306651,-0.8955272533994642
594,-0.41033101081848145,-0.8865183591842651,-0.4389452189853374,-0.8985138255641446
595,-0.4065410792827606,-0.8884806036949158,-0.4278978208438129,-0.90382711561289
596,-0.39455899596214294,-0.8918821215629578,-0.4304372364255077,-0.9026205102358198
597,-0.3939005434513092,-0.8907337188720703,-0.4420151297634029,-0.8970075947617401
598,-0.4590144753456116,-0.8562213182449341,-0.4484992341823576,-0.8937832158514942
599,-0.4574061632156372,-0.8497873544692993,-0.4473615703207831,-0.8943531882875596
600,-0.4600561261177063,-0.8501011729240417,-0.4492157622409795,-0.8934233033418458
601,-0.47244447469711304,-0.8385829329490662,-0.457590654664243,-0.8891629731179485
602,-0.4968259930610657,-0.8225482702255249,-0.4707053514814184,-0.8822904692258408
603,-0.5264005661010742,-0.801457405090332,-0.4974656337930485,-0.8674836846851245
604,-0.5114434361457825,-0.8355752229690552,-0.4883018796625561,-0.8726747815297601
605,-0.5042424201965332,-0.8269535899162292,-0.4878714174369942,-0.8729155056751015
606,-0.510113537311554,-0.824989378452301,-0.5054426716385163,-0.8628601889570053
607,-0.5231622457504272,-0.8234304785728455,-0.5335168795445082,-0.8457894177873655
608,-0.5235379338264465,-0.8265721797943115,-0.5060871132621653,-0.8624823672342341
609,-0.5209787487983704,-0.8291181325912476,-0.4834915027459411,-0.8753490542477735
610,-0.5213497281074524,-0.8304279446601868,-0.4859783259617612,-0.8739708614681636
611,-0.520072877407074,-0.8333480954170227,-0.4833783774536372,-0.8754115284883385
612,-0.5130211710929871,-0.8369240760803223,-0.4824312658147613,-0.8759338295581277
613,-0.5019320845603943,-0.8448108434677124,-0.4401516127939622,-0.8979234698763998
614,-0.48837026953697205,-0.8533570766448975,-0.4444452428969069,-0.8958060203338162
615,-0.4721006751060486,-0.8646262884140015,-0.4389399715449603,-0.8985163890436887
616,-0.45632755756378174,-0.8730716109275818,-0.4286156990830324,-0.9034869022291157
617,-0.42883631587028503,-0.885700523853302,-0.4275684171264929,-0.9039829913642984
618,-0.41335609555244446,-0.8910242915153503,-0.415847351153359,-0.9094344289385216
619,-0.40615832805633545,-0.8928381204605103,-0.4274800168060661,-0.9040247979073834
620,-0.40646660327911377,-0.8898085355758667,-0.4433582903259474,-0.896344479761689
621,-0.46267813444137573,-0.8554209470748901,-0.4413102866794436,-0.89735457366133
622,-0.45014166831970215,-0.8524084091186523,-0.4441999692242102,-0.8959276685878222
623,-0.44381874799728394,-0.8621789216995239,-0.4556398900059982,-0.8901641930763795
624,-0.44582048058509827,-0.8556969165802002,-0.4313690654505938,-0.9021755535217528
625,-0.46152254939079285,-0.8443135023117065,-0.4518407705567502,-0.8920986033296332
626,-0.4827924966812134,-0.8302426934242249,-0.440426931166286,-0.8977884596626576
627,-0.46444493532180786,-0.8690201044082642,-0.4607035033194859,-0.8875541009026731
628,-0.4568185806274414,-0.8613904714584351,-0.4452573643532289,-0.8954026354044398
629,-0.45346492528915405,-0.8613138794898987,-0.412128231728216,-0.9111258533334315
630,-0.45377105474472046,-0.8647135496139526,-0.4057483637903972,-0.9139848277085432
631,-0.45025694370269775,-0.8648756146430969,-0.4157174535649656,-0.9094938146031896
632,-0.44624173641204834,-0.8721557259559631,-0.4161309558318057,-0.9093046945873028
633,-0.4333575367927551,-0.87990802526474,-0.3936612596134131,-0.9192555752779424
634,-0.41801196336746216,-0.8903781175613403,-0.3957053514468034,-0.9183775230461392
635,-0.4041653871536255,-0.8944449424743652,-0.3865963038369491,-0.9222490432955782
636,-0.3945837616920471,-0.8964090347290039,-0.3686645407704575,-0.9295625080533894
637,-0.37069612741470337,-0.9055236577987671,-0.3586047321259988,-0.9334894997250052
638,-0.3561237156391144,-0.9118609428405762,-0.3631514955011554,-0.9317301064768028
639,-0.3452471196651459,-0.9163620471954346,-0.3698617687592346,-0.929086794659299
640,-0.3479470908641815,-0.9168562293052673,-0.3693812976635928,-0.9292779223334428
641,-0.35373660922050476,-0.9156614542007446,-0.3671267226935231,-0.9301709356265184
642,-0.3534258008003235,-0.9170399904251099,-0.3665506565076966,-0.9303980955557554
643,-0.4125628173351288,-0.8845494985580444,-0.3812288038890719,-0.9244807186119716
644,-0.39858758449554443,-0.8835135698318481,-0.3939582385609949,-0.9191283404780414
645,-0.3826560378074646,-0.8957985043525696,-0.3956239135357882,-0.9184126082750754
646,-0.37638580799102783,-0.8892580270767212,-0.403380974332573,-0.9150321248713096
647,-0.3531598448753357,-0.9430338740348816,-0.440863970038984,-0.8975739300589483
648,-0.3317644000053406,-0.9373058080673218,-0.4512318192549149,-0.8924067712046451
649,-0.3231036067008972,-0.93197101354599,-0.4532595425954126,-0.8913785879446495
650,-0.31616294384002686,-0.9292557239532471,-0.4516090214444938,-0.8922159445728073
651,-0.3057669401168823,-0.9258105754852295,-0.4579378952625347,-0.8889841866324282
652,-0.30094897747039795,-0.9288220405578613,-0.4600462283566546,-0.8878949643819458
653,-0.3023086488246918,-0.9293636083602905,-0.4817769179859443,-0.8762939012089292
654,-0.3016555607318878,-0.9297727942466736,-0.469152189842117,-0.8831173323892733
655,-0.3027198910713196,-0.9279038906097412,-0.4639926334239123,-0.8858390576895686
656,-0.307772159576416,-0.9249740839004517,-0.4439150107492872,-0.8960688942438858
657,-0.3060958683490753,-0.9247295260429382,-0.4380027910955945,-0.898973611955584
658,-0.3063359260559082,-0.9223814010620117,-0.4205901854776784,-0.9072507348466862
659,-0.30474114418029785,-0.9232784509658813,-0.4275645275680168,-0.9039848310483636
660,-0.3014563024044037,-0.9260442852973938,-0.4046331383349156,-0.9144790994665964
661,-0.29797494411468506,-0.9311785697937012,-0.442482274529932,-0.8967772503396916
662,-0.2898031771183014,-0.9339274764060974,-0.4424042152923181,-0.8968157616208516
663,-0.2897995710372925,-0.9330956935882568,-0.4488362892595179,-0.8936140024886284
664,-0.2973089814186096,-0.9304654598236084,-0.4549214466683728,-0.8905315701091988
665,-0.36242491006851196,-0.8954674005508423,-0.4611026225992334,-0.8873468157558853
666,-0.35939741134643555,-0.8921710252761841,-0.4681819917816927,-0.8836320628923144
667,-0.3502587676048279,-0.8957027196884155,-0.4789665165920927,-0.8778331709292129
668,-0.35164809226989746,-0.8887317180633545,-0.4921149627616356,-0.8705302197087209
669,-0.3641793131828308,-0.8844313621520996,-0.472891993160834,-0.8811204019907686
670,-0.37854647636413574,-0.8759744167327881,-0.4812682440575238,-0.8765733724348393
671,-0.4003112316131592,-0.8625456690788269,-0.4731657955942663,-0.8809733990760703
672,-0.42745742201805115,-0.8444454669952393,-0.4520785347145234,-0.8919781378769154
673,-0.4281325340270996,-0.8752987384796143,-0.4726783165808784,-0.8812350475521652
674,-0.4359823763370514,-0.8599076271057129,-0.448808606153218,-0.8936279063697629
675,-0.43054601550102234,-0.8644037246704102,-0.4280074032266154,-0.9037752280203356
676,-0.44220471382141113,-0.8597685098648071,-0.4279666158466008,-0.9037945428695662
677,-0.43962913751602173,-0.857425332069397,-0.4331190445850296,-0.9013367257677628
678,-0.4310762882232666,-0.8660956621170044,-0.4461021690973074,-0.8949820415665766
679,-0.4192850589752197,-0.8801959753036499,-0.4366436636281027,-0.899634543030351
680,-0.41261470317840576,-0.8837312459945679,-0.4231573993342237,-0.9060561877658008
681,-0.40281257033348083,-0.889013946056366,-0.4097281820644768,-0.9122076610192104
682,-0.3969815969467163,-0.891380250453949,-0.3845588293384289,-0.9231004857424012
683,-0.39391621947288513,-0.8936090469360352,-0.3727205974920832,-0.9279436169321628
684,-0.3929869830608368,-0.8948677778244019,-0.3711375615736722,-0.92857789678042
685,-0.3894340991973877,-0.8978933095932007,-0.3646697534517407,-0.9311369238288464
686,-0.38129687309265137,-0.9042408466339111,-0.3753660055255838,-0.9268766702726784
687,-0.3741702437400818,-0.9090930223464966,-0.3910726383534019,-0.920359816338865
688,-0.3708215355873108,-0.9078888297080994,-0.408996598205595,-0.9125359075982988
689,-0.3686111569404602,-0.9095300436019897,-0.4133107218964037,-0.9105900543963094
690,-0.37049782276153564,-0.9086902737617493,-0.4157461527752832,-0.9094806960307352
691,-0.4351211190223694,-0.8721373081207275,-0.4291070030074522,-0.9032536631367528
692,-0.42830485105514526,-0.8648813962936401,-0.419178326474317,-0.9079039214664684
693,-0.42347612977027893,-0.8703774809837341,-0.4294416403022819,-0.9030946116407104
694,-0.43084442615509033,-0.8608114719390869,-0.4323548240052886,-0.9017035578056436
695,-0.44970598816871643,-0.8501781225204468,-0.4277725945884814,-0.9038863907145848
696,-0.4770125150680542,-0.8324680328369141,-0.4553575491240158,-0.8903086557232663
697,-0.46116405725479126,-0.8704907894134521,-0.4710613977587972,-0.8821004248618908
698,-0.4560946226119995,-0.8594942688941956,-0.4626800576310801,-0.8865253319959336
699,-0.45476844906806946,-0.8615249991416931,-0.4538032899389826,-0.8911018875754644
700,-0.457023024559021,-0.8610889315605164,-0.4354377119548894,-0.9002188617261309
701,-0.4535236358642578,-0.8614254593849182,-0.4642423053142206,-0.8857082374893765
702,-0.44555556774139404,-0.8667886257171631,-0.4579613375234383,-0.8889721105488875
703,-0.45420053601264954,-0.8633533716201782,-0.4588041353259269,-0.8885374305046628
704,-0.45269542932510376,-0.866564154624939,-0.4437459469080561,-0.8961526290775877
705,-0.45125406980514526,-0.8671472072601318,-0.4195375341783971,-0.9077379894085684
706,-0.4475324749946594,-0.8688292503356934,-0.4173044043725127,-0.9087667655076864
707,-0.44238603115081787,-0.8725762367248535,-0.4059450526165571,-0.9138974856383733
708,-0.43426209688186646,-0.8759357929229736,-0.4064813132234097,-0.9136590950678336
709,-0.42289257049560547,-0.8820130825042725,-0.4095172905478857,-0.9123023559885828
710,-0.40931427478790283,-0.8897713422775269,-0.4092464656397869,-0.9124238764748228
711,-0.3994940519332886,-0.894160270690918,-0.4266593890043596,-0.9044123870085076
712,-0.39282840490341187,-0.8976920247077942,-0.4161935766126988,-0.9092760344286708
713,-0.45066654682159424,-0.8657621145248413,-0.4251998081170832,-0.90509951009665
714,-0.4406333565711975,-0.8626415729522705,-0.4456353307848205,-0.8952145843071948
715,-0.4335629940032959,-0.8714402914047241,-0.4488916823855147,-0.8935861779845871
716,-0.43423551321029663,-0.8662611246109009,-0.4444059701818087,-0.8958255040278578
717,-0.4426414966583252,-0.8590685725212097,-0.4343285152087645,-0.9007545397479548
718,-0.46066993474960327,-0.847538411617279,-0.4233394944170981,-0.9059711212100944
719,-0.4882805347442627,-0.8285115957260132,-0.4525131494390909,-0.8917577303195723
720,-0.4915333390235901,-0.8210042715072632,-0.4599103107105332,-0.8879653743824366
721,-0.47669517993927,-0.8590098023414612,-0.4575180895816312,-0.8892003135995705
722,-0.4688614010810852,-0.8494303822517395,-0.4471285435734974,-0.8944697119085939
723,-0.46731919050216675,-0.8509389162063599,-0.4478256210858793,-0.8941209163748751
724,-0.47259968519210815,-0.8502921462059021,-0.4443663010988091,-0.8958451821870577
725,-0.48285865783691406,-0.842933177947998,-0.4398888922094353,-0.8980522047802989
726,-0.4904642403125763,-0.840227484703064,-0.4574443702782614,-0.8892382403499778
727,-0.4877684414386749,-0.8424171209335327,-0.4323809386446044,-0.901691035719448
728,-0.47900837659835815,-0.8501425981521606,-0.4136145915388002,-0.9104520688461264
729,-0.472722589969635,-0.8531484603881836,-0.3963240583670318,-0.9181106909079568
730,-0.46702784299850464,-0.8570127487182617,-0.3920696439614115,-0.9199355381133898
731,-0.45892661809921265,-0.8615643978118896,-0.3736408743588624,-0.9275734456140629
732,-0.4484575092792511,-0.867633581161499,-0.389387502881251,-0.9210740320950884
733,-0.4452246427536011,-0.8732326030731201,-0.3865290694892812,-0.92227722428766
734,-0.43428462743759155,-0.8818373680114746,-0.368006052602474,-0.929823394655106
735,-0.42472970485687256,-0.8875261545181274,-0.3657308382197809,-0.9307206637735388
736,-0.4179112911224365,-0.8926097750663757,-0.3678487391758964,-0.929885640864888
737,-0.41158175468444824,-0.8939671516418457,-0.3616893103211124,-0.9322986875457018
738,-0.4694649577140808,-0.8609468936920166,-0.3511586525496644,-0.9363159727033946
739,-0.4164607524871826,-0.9006866216659546,-0.3504290652063863,-0.9365892751140056
740,-0.39789193868637085,-0.9110522270202637,-0.349346004598921,-0.9369937935070703
741,-0.4630293846130371,-0.865475058555603,-0.3406761894987166,-0.9401806921590308
742,-0.43937379121780396,-0.8648084998130798,-0.3516861159513914,-0.9361179817987818
743,-0.386832594871521,-0.9265466332435608,-0.3788681715007773,-0.9254506516414897
744,-0.36563578248023987,-0.9222335815429688,-0.3979168649142202,-0.9174214781750196
745,-0.3633369207382202,-0.9163140654563904,-0.4309099917782888,-0.9023949129874542
746,-0.35513895750045776,-0.9161986112594604,-0.4083116700575376,-0.9128425823190024
747,-0.34336549043655396,-0.9144881963729858,-0.416299737008718,-0.9092274352253524
748,-0.34034019708633423,-0.9176731705665588,-0.4371031797067967,-0.8994113687797191
749,-0.339377760887146,-0.9162935614585876,-0.4341860163142724,-0.9008232363994296
750,-0.33817988634109497,-0.9185630679130554,-0.4252832478175004,-0.9050603068999316
751,-0.3414701521396637,-0.9174617528915405,-0.4194339185001084,-0.9077858712337642
752,-0.34624236822128296,-0.914340615272522,-0.4162400773631743,-0.9092547486797627
753,-0.3543960452079773,-0.9091058373451233,-0.4090958847775753,-0.9124914010871844
754,-0.3621659576892853,-0.9041491746902466,-0.4052867702997451,-0.914189604961685
755,-0.36296385526657104,-0.9037383198738098,-0.4000931731473223,-0.9164744692575494
756,-0.35283535718917847,-0.9088976383209229,-0.404040247218275,-0.9147412085545262
757,-0.3338538408279419,-0.915601372718811,-0.3996355173346216,-0.9166741260037228
758,-0.31845778226852417,-0.9201714992523193,-0.4111431149166692,-0.9115708085807808
759,-0.3108193576335907,-0.9238466024398804,-0.3987862832958499,-0.9170438922184052
760,-0.37422746419906616,-0.8902230858802795,-0.407787444541149,-0.9130768861791428
761,-0.37528061866760254,-0.8852302432060242,-0.4197351282961021,-0.9076466394331302
762,-0.37400171160697937,-0.8872116804122925,-0.4264413971782508,-0.9045151932237852
763,-0.3861408829689026,-0.8787702918052673,-0.4422696807173032,-0.8968821157310556
764,-0.3871295750141144,-0.8760043382644653,-0.4519100605940211,-0.8920635051014632
765,-0.4039565324783325,-0.8670620322227478,-0.4579415321551821,-0.8889823131690328
766,-0.42217642068862915,-0.8532091379165649,-0.4587416097503207,-0.8885697133504408
767,-0.41315293312072754,-0.8928709626197815,-0.4895506209722793,-0.871974878941851
768,-0.4070638120174408,-0.8793967366218567,-0.4851129155073134,-0.8744515190723807
769,-0.408351331949234,-0.8792930841445923,-0.4883041045944177,-0.8726735365738117
770,-0.4187936782836914,-0.8734442591667175,-0.4980274956011921,-0.8671612385394106
771,-0.4244115948677063,-0.8681376576423645,-0.5092269775919188,-0.8606322590355299
772,-0.42314961552619934,-0.870172381401062,-0.5077205492792981,-0.8615218185510614
773,-0.4255506992340088,-0.8735998272895813,-0.499609349278891,-0.866250828636327
774,-0.43007248640060425,-0.8724912405014038,-0.4845961561451317,-0.8747379981739465
775,-0.43928223848342896,-0.8689770698547363,-0.47586798874342,-0.8795167180271745
776,-0.4428859353065491,-0.8661494851112366,-0.4696366799170235,-0.8828597787171614
777,-0.4394116997718811,-0.8675805330276489,-0.4590370594287881,-0.8884171194157456
778,-0.4317115545272827,-0.8725638389587402,-0.4645048708869819,-0.8855705646204983
779,-0.415147602558136,-0.879270076751709,-0.4467794773010132,-0.8946441184418715
780,-0.4030652642250061,-0.8854389786720276,-0.4455997882836848,-0.895232276385037
781,-0.39517515897750854,-0.8906019926071167,-0.4311445169738427,-0.9022828855095236
782,-0.39452940225601196,-0.8923251628875732,-0.4453731450195522,-0.8953450517512189
783,-0.46270111203193665,-0.8587244749069214,-0.4515027037447126,-0.8922697509784887
784,-0.4599783420562744,-0.8522274494171143,-0.4552655797168925,-0.8903556884330227
785,-0.4619312882423401,-0.8553505539894104,-0.4484206835041113,-0.8938226281571224
786,-0.4732660949230194,-0.8447439670562744,-0.4466283235085241,-0.8947195877144778
787,-0.49106478691101074,-0.8329122066497803,-0.4478083245365145,-0.8941295792421811
788,-0.5132865309715271,-0.8181024193763733,-0.4508752360531665,-0.8925869826039373
789,-0.5401579737663269,-0.8004393577575684,-0.4576966108068391,-0.8891084368376744
790,-0.5186814069747925,-0.8371452689170837,-0.4712254973593957,-0.8820127723782634
791,-0.5113351941108704,-0.8280487060546875,-0.462264456822975,-0.8867421113030326
792,-0.5126019716262817,-0.8275434970855713,-0.451949204054186,-0.8920436743538893
793,-0.5153687596321106,-0.8285061717033386,-0.4491480348384868,-0.8934573536552964
794,-0.5158683657646179,-0.8288612365722656,-0.4347323941404831,-0.900559684576699
795,-0.5160160660743713,-0.8325443267822266,-0.4458081804931419,-0.8951285193788623
796,-0.5128763914108276,-0.8344368934631348,-0.4389999582000281,-0.8984870820998895
797,-0.5012701153755188,-0.8417825102806091,-0.4236660730632254,-0.905818446784556
798,-0.4921444356441498,-0.8454306721687317,-0.3867974962590366,-0.9221646799177144
799,-0.4815026521682739,-0.849856436252594,-0.3642657478835411,-0.9312950471890444
800,-0.46255695819854736,-0.8576585054397583,-0.3589897122586365,-0.9333415165374684
801,-0.4440659284591675,-0.8689761161804199,-0.3732675568970751,-0.9277237363396976
802,-0.43823081254959106,-0.8737283945083618,-0.3702566460018099,-0.928929500065258
803,-0.43854212760925293,-0.8762559294700623,-0.3711563755687418,-0.9285703769099438
804,-0.432862788438797,-0.8833755254745483,-0.3647771182460266,-0.9310948684232582
805,-0.4228220582008362,-0.8915492296218872,-0.3686797976289586,-0.9295564570375864
806,-0.4144936800003052,-0.8928490877151489,-0.3685716615644498,-0.9295993385817466
807,-0.46438559889793396,-0.8626317977905273,-0.3720474350161598,-0.9282137179000838
808,-0.4427744746208191,-0.8600128889083862,-0.3834231131498182,-0.9235727996766157
809,-0.43106454610824585,-0.8729125261306763,-0.3933664010565447,-0.9193817893127
810,-0.42932093143463135,-0.8668286204338074,-0.3897461235860077,-0.9209223415411748
811,-0.4464719295501709,-0.8550975322723389,-0.385795965902134,-0.9225841277052405
812,-0.45320481061935425,-0.8464553356170654,-0.3948946534188519,-0.9187264079698616
813,-0.4702988862991333,-0.8329153060913086,-0.4214363473783645,-0.9068579850827706
814,-0.455693781375885,-0.8727279901504517,-0.4242642039004752,-0.9055384504750176
815,-0.44348204135894775,-0.8638141751289368,-0.4131532823950331,-0.910661498717394
816,-0.43356096744537354,-0.869083046913147,-0.4074791873081002,-0.9132144939228298
817,-0.42506498098373413,-0.8751115798950195,-0.4127598858842222,-0.9108398742945129
818,-0.41709190607070923,-0.8778988718986511,-0.4130688269262156,-0.9106998101579906
819,-0.41816246509552,-0.8782650828361511,-0.4304672632336803,-0.902606190585964
820,-0.4199185371398926,-0.8783652186393738,-0.4246862125966273,-0.9053406103949676
821,-0.4137778878211975,-0.8852924108505249,-0.4119682947174879,-0.9111981805005784
822,-0.4109063148498535,-0.8864637613296509,-0.392979566137218,-0.9195472041165716
823,-0.4139154553413391,-0.884066641330719,-0.3792299832915766,-0.9253024477286712
824,-0.4195091724395752,-0.8805270791053772,-0.3770252458383245,-0.9262029820728018
825,-0.41947877407073975,-0.8798197507858276,-0.3678133006543391,-0.9298996590287368
826,-0.4120270907878876,-0.8835895657539368,-0.3722341907586039,-0.928138840492244
827,-0.4094030261039734,-0.8866136074066162,-0.3757331618159443,-0.9267278948600788
828,-0.402665913105011,-0.8921718597412109,-0.3798367206235625,-0.9250535474587068
829,-0.3902778625488281,-0.9018722772598267,-0.3605091160694539,-0.9327556900018468
830,-0.3747464418411255,-0.911331295967102,-0.3586219416780785,-0.9334828884061264
831,-0.43389856815338135,-0.8789095878601074,-0.3719036232930297,-0.9282713477111724
832,-0.4221377372741699,-0.8733243346214294,-0.3764670713729503,-0.926429999607026
833,-0.41378092765808105,-0.8804550170898438,-0.3797857321278311,-0.9250744822294727
834,-0.4107744097709656,-0.8763394355773926,-0.3639646051526575,-0.931412779704074
835,-0.4202185869216919,-0.8696678876876831,-0.3687912357498382,-0.929512250825188
836,-0.43765193223953247,-0.8573434352874756,-0.3668274589540529,-0.9302889956122844
837,-0.4210314452648163,-0.8997860550880432,-0.3989958773507771,-0.9169527195319744
838,-0.40885502099990845,-0.8894837498664856,-0.4112239513629103,-0.9115343448414188
839,-0.4148736000061035,-0.884258508682251,-0.4216682021092753,-0.9067502011744644
840,-0.4163927137851715,-0.8825830817222595,-0.4374381150824145,-0.8992485170814263
841,-0.42062345147132874,-0.8788666725158691,-0.4466726143888815,-0.8946974771144722
842,-0.421617716550827,-0.8795045614242554,-0.4461836347189646,-0.8949414305466998
843,-0.41222625970840454,-0.8860886096954346,-0.4459665463674208,-0.8950496296413485
844,-0.4067768156528473,-0.8909684419631958,-0.4368259573164089,-0.8995460427430065
845,-0.4067040681838989,-0.8891586065292358,-0.4203014016228247,-0.907384555628918
846,-0.4122757613658905,-0.8877536058425903,-0.4165936928822476,-0.9090927868214176
847,-0.4181808829307556,-0.8833808898925781,-0.4100056642081002,-0.912082976114166
848,-0.42057353258132935,-0.8822481036186218,-0.4048950890126341,-0.9143631482586396
849,-0.4199270009994507,-0.8850752115249634,-0.416936944184315,-0.90893541276278
850,-0.4127865135669708,-0.8895639181137085,-0.415336044934118,-0.9096680547202284
851,-0.40229132771492004,-0.8926659822463989,-0.423002235479337,-0.9061286380969776
852,-0.4009850025177002,-0.8918964862823486,-0.4295118330055813,-0.9030612300991476
853,-0.4004528224468231,-0.892654538154602,-0.4350986327931427,-0.9003827962269925
854,-0.4672154188156128,-0.8571827411651611,-0.4366053795659959,-0.8996531234503844
855,-0.4658522307872772,-0.8477193117141724,-0.4302965729774747,-0.9026875756782304
856,-0.4676993787288666,-0.8511208295822144,-0.4431264646914862,-0.8964591102164253
857,-0.47771504521369934,-0.845213770866394,-0.4469503693254761,-0.8945587556778036
858,-0.49636927247047424,-0.8366117477416992,-0.4454567283942402,-0.8953034698515918
859,-0.5123563408851624,-0.824354887008667,-0.4601251293018114,-0.8878540788806409
860,-0.530273973941803,-0.811840832233429,-0.4561283762041708,-0.8899139870916438
861,-0.5475048422813416,-0.7993137836456299,-0.4647633546138535,-0.8854349350506097
862,-0.5255471467971802,-0.8363281488418579,-0.4769196588899906,-0.8789468920044344
863,-0.5173280239105225,-0.8275155425071716,-0.4730207579924342,-0.8810512825643368
864,-0.5198102593421936,-0.824376106262207,-0.4825780990883488,-0.8758529432960055
865,-0.5282627940177917,-0.8207015991210938,-0.4858750976793611,-0.8740282543802982
866,-0.5341914296150208,-0.8131276369094849,-0.4950296162848133,-0.8688761010644214
867,-0.533722996711731,-0.8133645057678223,-0.4928582065654471,-0.8701096414941574
868,-0.527117908000946,-0.8193374276161194,-0.4737018741744789,-0.880685264100397
869,-0.5180689692497253,-0.8287739157676697,-0.4549914525246297,-0.8904958046669998
870,-0.5110117793083191,-0.832779586315155,-0.4434735094040073,-0.8962874798059459
871,-0.5074058771133423,-0.8344632387161255,-0.4448826598172368,-0.8955888671672626
872,-0.5025348663330078,-0.8370657563209534,-0.4537363882202312,-0.8911359548379022
873,-0.49262839555740356,-0.8435659408569336,-0.4386027797689597,-0.8986810343937061
874,-0.47837865352630615,-0.8537883162498474,-0.4300711137373816,-0.9027950139033158
875,-0.4656752049922943,-0.8619806170463562,-0.4294314980935466,-0.903099434417458
876,-0.4548869729042053,-0.8690468668937683,-0.428431636672967,-0.9035741987782314
877,-0.44403666257858276,-0.8744817972183228,-0.4251247122005904,-0.9051347850327957
878,-0.5005625486373901,-0.8416742086410522,-0.4323187984754739,-0.9017208306813824
879,-0.48697376251220703,-0.8386496305465698,-0.4126627937922178,-0.9108838667028863
880,-0.48625004291534424,-0.8472669124603271,-0.4028545689262472,-0.915264003605106
881,-0.49385866522789,-0.8389182090759277,-0.4039944107111171,-0.91476145311998
882,-0.4988654553890228,-0.8353008031845093,-0.4138846281631767,-0.9103293440125002
883,-0.5094500184059143,-0.8279068470001221,-0.4145288925424375,-0.9100361516157148
884,-0.5208491683006287,-0.8192274570465088,-0.4164161639496223,-0.9091741188581433
885,-0.5340250730514526,-0.8105144500732422,-0.4260836398219453,-0.9046837745179708
886,-0.5503081679344177,-0.799251914024353,-0.4436113466242645,-0.8962192662212783
887,-0.5311816930770874,-0.835809051990509,-0.4633999331677457,-0.8861492548888865
888,-0.5282161831855774,-0.824653685092926,-0.4641238722988958,-0.8857703038385731
889,-0.5360445976257324,-0.8176394701004028,-0.4718528112284829,-0.8816773358410535
890,-0.5410975813865662,-0.8133277297019958,-0.4797142964400486,-0.8774247510704432
891,-0.5414180755615234,-0.8131616115570068,-0.4766892685256167,-0.8790718635427439
892,-0.5426615476608276,-0.8119655847549438,-0.4961546220682941,-0.8682341798157155
893,-0.5412356853485107,-0.8137186765670776,-0.4943570106741276,-0.8692589637141169
894,-0.5391091704368591,-0.8147348165512085,-0.4745351406970506,-0.8802365592519038
895,-0.5366841554641724,-0.8173365592956543,-0.444085753109555,-0.895984287744556
896,-0.5335208177566528,-0.8182065486907959,-0.4423139820796102,-0.8968602685239648
897,-0.5288615226745605,-0.8208006024360657,-0.420753071551971,-0.9071752051172816
898,-0.5169216990470886,-0.8282551169395447,-0.4219382224451864,-0.9066245840698324
899,-0.5063815712928772,-0.8367820978164673,-0.4118289645922292,-0.9112611612062111
900,-0.4947790503501892,-0.8455791473388672,-0.3940072679964624,-0.9191073238561228
901,-0.47978609800338745,-0.8549708127975464,-0.4062038931105473,-0.91378246712324
902,-0.4614015817642212,-0.8656288385391235,-0.4108440239054031,-0.9117056476852694
903,-0.45055559277534485,-0.8707594275474548,-0.4091872102223174,-0.9124504518002482
904,-0.4426969289779663,-0.8726950883865356,-0.3919560196831003,-0.9199839556395432
905,-0.4371693432331085,-0.8741815090179443,-0.3758398991013143,-0.926684612067943
906,-0.49341386556625366,-0.8503201007843018,-0.3576034918294009,-0.933873515328184
907,-0.47411900758743286,-0.8443127274513245,-0.3400488871808584,-0.940407759605938
908,-0.46396124362945557,-0.862094521522522,-0.3397971297502368,-0.9404987563061956
909,-0.45516282320022583,-0.8627771735191345,-0.3296881611956218,-0.9440898878642064
910,-0.4539652168750763,-0.8635932207107544,-0.3148851353088298,-0.9491297864683944
911,-0.4573902189731598,-0.8607304096221924,-0.3141868971950344,-0.9493611502641958
912,-0.4278808832168579,-0.9052479863166809,-0.331483727686267,-0.943460936276228
913,-0.40355753898620605,-0.8911330699920654,-0.3309682603404524,-0.9436418868655708
914,-0.3996468484401703,-0.8854207992553711,-0.2893225774667369,-0.9572316575249712
915,-0.3969539999961853,-0.8809632062911987,-0.280703745578266,-0.9597944609229272
916,-0.39305561780929565,-0.8818776607513428,-0.2491712865834353,-0.9684594312320756
917,-0.3997739553451538,-0.8861808776855469,-0.2367512554417209,-0.9715702975321802
918,-0.4061214327812195,-0.8860884308815002,-0.1769814380952831,-0.9842141893763398
919,-0.4099687337875366,-0.8865934610366821,-0.1559017600234749,-0.9877725655339812
920,-0.4106488525867462,-0.8849802613258362,-0.1308346969131623,-0.991404197128316
921,-0.41026562452316284,-0.8855854868888855,-0.1094039842639414,-0.993997368320045
922,-0.4078459143638611,-0.8865340352058411,-0.0714508471652501,-0.997444121963415
923,-0.3983280062675476,-0.8873875737190247,-0.0477396378099393,-0.9988598134782356
924,-0.3802362382411957,-0.8923053741455078,-0.0332613168740955,-0.9994466893235482
925,-0.36043745279312134,-0.897620439529419,-0.0133071448300335,-0.9999114560282188
926,-0.3503081202507019,-0.9001012444496155,-0.0037990005129399,-0.9999927837715143
927,-0.35158294439315796,-0.903048574924469,0.0031975687494435,-0.9999948877639788
928,-0.2512710392475128,-0.9226123690605164,0.0169139966196409,-0.9998569481272562
929,-0.24269090592861176,-0.9288294911384583,0.0112065094913331,-0.9999372051009108
930,-0.21680103242397308,-0.9295281171798706,0.0028766814421707,-0.99999586234338
931,-0.18710356950759888,-0.9422135949134827,-0.0034179244235694,-0.999994158879258
932,-0.1560632288455963,-0.95439612865448,-0.0152026999883944,-0.9998844322785824
933,-0.1382266879081726,-0.9633966684341431,-0.0329248144339623,-0.9994578313238078
934,-0.13165335357189178,-0.9681572318077087,-0.0383702058865418,-0.9992635925021108
935,-0.1269795447587967,-0.96958327293396,-0.0435337665726194,-0.999051956190468
936,-0.11935210227966309,-0.9722462892532349,-0.0413507206428699,-0.9991446931762764
937,-0.18011127412319183,-0.9652495384216309,-0.0485835649191368,-0.9988191213727078
938,-0.17972540855407715,-0.9528207182884216,-0.0460829661873704,-0.9989376157835752
939,-0.1865806132555008,-0.9503976106643677,-0.0338486733559727,-0.9994269694740284
940,-0.18672196567058563,-0.9513923525810242,-0.0472572044986069,-0.9988827541923913
941,-0.17974473536014557,-0.9562979936599731,-0.0376960020485616,-0.9992892531342238
942,-0.17432017624378204,-0.9596561193466187,-0.0603843159298379,-0.9981752022514312
943,-0.1682589054107666,-0.9586665630340576,-0.0907916296658945,-0.995869911174452
944,-0.16121874749660492,-0.9588913917541504,-0.1039073284683065,-0.9945869831696872
945,-0.15347830951213837,-0.9587696194648743,-0.1184342837499587,-0.9929618927394114
946,-0.14487110078334808,-0.9588330388069153,-0.1319601064615539,-0.9912550278826612
947,-0.1373249590396881,-0.9600399136543274,-0.1251773980002375,-0.9921343754904828
948,-0.13073034584522247,-0.9582765102386475,-0.1251972956380911,-0.9921318648067444
949,-0.1223544180393219,-0.9575384259223938,-0.1252226934879139,-0.9921286595173188
950,-0.11528253555297852,-0.9613515734672546,-0.151083017612239,-0.9885210780702554
951,-0.10916458070278168,-0.9671964049339294,-0.1303533012393692,-0.9914676075676896
952,-0.11259116232395172,-0.9696062803268433,-0.1079374775890105,-0.9941576841385484
953,-0.11613571643829346,-0.973379373550415,-0.0929993911033804,-0.9956661655667528
954,-0.13257364928722382,-0.971013069152832,-0.1237983624782353,-0.9923073946352045
955,-0.057439617812633514,-0.9715243577957153,-0.1357491580862017,-0.9907432392294622
956,-0.04342040419578552,-0.9741636514663696,-0.1290793663949614,-0.9916342658314482
957,-0.08798442780971527,-0.9348492622375488,-0.1351880475029466,-0.9908199593328452
958,-0.10397382825613022,-0.9251060485839844,-0.1398002062481024,-0.9901797323380176
959,-0.07670111954212189,-0.9224063158035278,-0.1439676826441988,-0.989582389876689
960,-0.10752794146537781,-1.0046195983886719,-0.1485868369059474,-0.9888993638880984
961,-0.05605645477771759,-0.9923462271690369,-0.1608138432017583,-0.98698475562426
962,-0.03628508001565933,-0.9731148481369019,-0.1795372139199498,-0.9837511823717734
963,-0.024678170680999756,-0.9478016495704651,-0.1722989860455501,-0.9850446991927196
964,-0.014290975406765938,-0.9469817876815796,-0.1681670637583617,-0.9857585093048352
965,-0.014310959726572037,-0.9508888125419617,-0.1472031065981309,-0.9891062862037928
966,-0.021648576483130455,-0.9524585008621216,-0.1402534267920605,-0.990115637828776
967,-0.03063574805855751,-0.9563450813293457,-0.1577421017037147,-0.9874803437791028
968,-0.038943905383348465,-0.9691437482833862,-0.1596740088705839,-0.9871697984091676
969,-0.044148240238428116,-0.9798223376274109,-0.1640257716709433,-0.986456053875565
970,-0.044383060187101364,-0.9843157529830933,-0.1589064798402418,-0.9872936395342486
971,-0.041436776518821716,-0.9839410781860352,-0.1630451114709103,-0.9866186150815514
972,-0.03651902824640274,-0.9835859537124634,-0.1905698736967311,-0.981673633770008
973,-0.033787135034799576,-0.9821261167526245,-0.2128280291515112,-0.9770896734729538
974,-0.03668854013085365,-0.9799745678901672,-0.2292581050777768,-0.9733656667749008
975,-0.04495557025074959,-0.9789986610412598,-0.2397363498019691,-0.9708380310760534
976,-0.05432216078042984,-0.978768527507782,-0.2464220477687926,-0.9691626150308496
977,-0.06073514372110367,-0.9769426584243774,-0.2411612726117133,-0.9704850542858962
978,-0.06379490345716476,-0.974216639995575,-0.2474063647738462,-0.9689118074775384
979,-0.06509270519018173,-0.9721532464027405,-0.2470020858549774,-0.9690149480700956
980,-0.0651986300945282,-0.9703474044799805,-0.2514868302825398,-0.967860720452298
981,-0.06441113352775574,-0.9685903787612915,-0.2558906932113438,-0.9667057220932428
982,-0.06330513209104538,-0.9680958986282349,-0.2640752477348181,-0.9645020806269908
983,-0.06139560043811798,-0.967680811882019,-0.2646234888225268,-0.9643518077773248
984,-0.06061025336384773,-0.9671666622161865,-0.265585273823741,-0.964087372766581
985,-0.05987873673439026,-0.966943621635437,-0.2654146536581317,-0.9641343586987936
986,-0.05373672395944595,-0.9673064947128296,-0.2647350009421428,-0.9643212012997348
987,-0.052166201174259186,-0.967156171798706,-0.2672426099288932,-0.9636292790479092
988,-0.050345294177532196,-0.9672544002532959,-0.2617149889981245,-0.9651452038598708
989,-0.05147640407085419,-0.9673906564712524,-0.2616357160706177,-0.9651666965225308
990,-0.06261680275201797,-0.9677343368530273,-0.2656132667226376,-0.96407966088956
991,-0.0700104683637619,-0.9677982926368713,-0.264927491657407,-0.9642683361824728
992,-0.06968510895967484,-0.9679838418960571,-0.2617221888414955,-0.9651432514751458
993,-0.06932968646287918,-0.9681731462478638,-0.2619385656628878,-0.9650845495698648
994,-0.06704556941986084,-0.9685710668563843,-0.2604520806164223,-0.9654867755192592
995,-0.0641901046037674,-0.9692795872688293,-0.2550547813274446,-0.9669266045166042
996,-0.06474936008453369,-0.9697095155715942,-0.2510931949393289,-0.9679629163636178
997,-0.06703031063079834,-0.9699593186378479,-0.2505620158871703,-0.968100550663286
998,-0.06853538006544113,-0.9694685935974121,-0.2502255767230176,-0.9681875648621155
999,-0.06613661348819733,-0.9699699878692627,-0.2502970002097114,-0.9681691028358732
1000,-0.05869027227163315,-0.9710808396339417,-0.2506916807659859,-0.9680669817707476
1001,-0.04970243200659752,-0.9719198346138,-0.2485066831839448,-0.9686301814484796
1002,-0.042499616742134094,-0.9724404215812683,-0.2481939800529417,-0.9687103531321836
1003,-0.03816566616296768,-0.9729106426239014,-0.2484452816429558,-0.968645932231872
1004,-0.036269888281822205,-0.9729900360107422,-0.2505727561691422,-0.9680977708195592
1005,-0.033672995865345,-0.9726665616035461,-0.252006288996817,-0.9677255965954672
1006,-0.03637651354074478,-0.97336745262146,-0.2522060603771935,-0.9676735519321664
1007,-0.04056936874985695,-0.9738218188285828,-0.2518227924619173,-0.9677733625165976
1008,-0.047333408147096634,-0.9734302759170532,-0.2509850869675372,-0.9679909535320552
1009,-0.05266914516687393,-0.9725125432014465,-0.2498792976012953,-0.9682769937524506
1010,-0.02827860414981842,-0.9746252298355103,-0.2485230172047614,-0.9686259907309126
1011,-0.0818752571940422,-0.9711028933525085,-0.2495022937138771,-0.9683742073349094
1012,-0.0633777379989624,-0.9730128049850464,-0.2504536583840583,-0.9681285890841368
1013,-0.05593254417181015,-0.9737059473991394,-0.2511981583144516,-0.9679356823980751
1014,-0.0497087687253952,-0.9742892980575562,-0.2508772536976597,-0.9680189066217252
1015,-0.04997825250029564,-0.9743068218231201,-0.2507523341883566,-0.9680512728668303
1016,-0.04876350983977318,-0.974212110042572,-0.2468601338943493,-0.9690511205780962
1017,-0.0400921031832695,-0.9747183322906494,-0.2475871214147318,-0.968865634290724
1018,-0.03271501511335373,-0.9751744270324707,-0.2498546614010645,-0.968283351181956
1019,-0.03175120800733566,-0.9752188324928284,-0.2489430844583491,-0.9685181158348888
1020,-0.03484267741441727,-0.9748654365539551,-0.2561096614557836,-0.966647733824998
1021,-0.04570876806974411,-0.9739208221435547,-0.255957438760778,-0.9666880518259356
1022,-0.05988879129290581,-0.972658634185791,-0.255802253064336,-0.9667291282087292
1023,-0.07182665169239044,-0.9712629914283752,-0.2551614413442939,-0.966898463568488
1024,-0.0778312087059021,-0.9704943895339966,-0.2546624413043094,-0.9670300103869214
1025,-0.07502350211143494,-0.970676600933075,-0.251864637608007,-0.9677624730906792
1026,-0.043886780738830566,-0.9738885760307312,-0.2519116249208979,-0.9677502432082944
1027,0.008095566183328629,-0.9774423241615295,-0.2516611600819556,-0.9678154062145344
1028,0.022388320416212082,-0.9775514006614685,-0.2516917654807203,-0.967807447372254
1029,0.024640608578920364,-0.9773573279380798,-0.2524325011355965,-0.9676145060768916
1030,0.02181154116988182,-0.9770998358726501,-0.252577158700434,-0.9675767560782016
1031,0.016055312007665634,-0.976777970790863,-0.2517959410106347,-0.967780349093
1032,0.005936075001955032,-0.9762252569198608,-0.2511487395005149,-0.9679485061961212
1033,-0.014555703848600388,-0.9748309254646301,-0.2505833106473026,-0.9680950389424776
1034,-0.04779054969549179,-0.9718085527420044,-0.2497669035346848,-0.9683059918737956
1035,-0.09673447161912918,-0.9653694033622742,-0.2573425661226743,-0.9663202386690434
1036,-0.24390797317028046,-0.9367334842681885,-0.2567220985982381,-0.9664852632561536
1037,-0.2624862790107727,-0.9319463968276978,-0.2615118946210121,-0.9652002533006964
1038,-0.2722690999507904,-0.9289305210113525,-0.2559819581083606,-0.9666815593167222
1039,-0.26761165261268616,-0.9292730689048767,-0.2559762739316793,-0.9666830644963498
1040,-0.24720220267772675,-0.9338995814323425,-0.2530530135626111,-0.9674524134689422
1041,-0.20767007768154144,-0.9427758455276489,-0.2525715936425213,-0.9675782087691296
1042,-0.16798238456249237,-0.9505274295806885,-0.2536621318573949,-0.9672928837025327
1043,-0.14133240282535553,-0.954906702041626,-0.2583716328289204,-0.9660455990010604
1044,-0.12605655193328857,-0.9571207761764526,-0.2587950784021137,-0.9659322478284096
1045,-0.11420951783657074,-0.9587569236755371,-0.2588569987264638,-0.9659156558469936
1046,-0.1048976480960846,-0.9597009420394897,-0.2560344956318727,-0.9666676455982856
1047,-0.09519955515861511,-0.9604283571243286,-0.257928734978627,-0.9661639445106224
1048,-0.0720752626657486,-0.9621776938438416,-0.2574864641409665,-0.9662819054417726
1049,-0.02865610085427761,-0.9660298824310303,-0.2592804048543663,-0.9658020872096704
1050,0.02456510439515114,-0.9697301387786865,-0.2576839018818905,-0.9662292723318436
1051,0.06392237544059753,-0.9701544046401978,-0.2578784738032116,-0.9661773609172004
1052,0.07173088192939758,-0.9695602059364319,-0.2545877779566431,-0.9670496695181168
1053,0.028457965701818466,-0.9672131538391113,-0.2526049256798053,-0.967569507333866
1054,-0.26795926690101624,-0.916769802570343,-0.2535697385813987,-0.9673171081272992
1055,-0.27038657665252686,-0.9124391078948975,-0.2477165461617624,-0.9688325514544232
1056,-0.3140859007835388,-0.8945715427398682,-0.2513416088191269,-0.967898442852458
1057,-0.3106561005115509,-0.8959009647369385,-0.2511983682992046,-0.9679356279029184
1058,-0.3313297629356384,-0.8943763971328735,-0.2499140962273033,-0.9682680127458978
1059,-0.38969022035598755,-0.8812634944915771,-0.2503577509484268,-0.9681533951497796
1060,-0.36864644289016724,-0.8875362873077393,-0.2512964932651857,-0.9679101572318686
1061,-0.3498857021331787,-0.8927682638168335,-0.2504862539038179,-0.9681201560783826
1062,-0.3325413167476654,-0.8976442813873291,-0.2582909939103261,-0.9660671625020776
1063,-0.3034714162349701,-0.9058747291564941,-0.2573657716157755,-0.966314058471994
1064,-0.2610991895198822,-0.9170724153518677,-0.2600262098013441,-0.9656015587271736
1065,-0.20563171803951263,-0.9295697808265686,-0.2584912397149235,-0.9660136018662688
1066,-0.13738895952701569,-0.9435530304908752,-0.2593654240539418,-0.9657792588398856
1067,-0.055118195712566376,-0.9558771848678589,-0.2566819724321394,-0.9664959208544786
1068,-0.029418395832180977,-0.9593664407730103,-0.258990884628941,-0.9658797656432806
1069,-0.03206169605255127,-0.9601131677627563,-0.2583136629194115,-0.966061101353924
1070,-0.10173030942678452,-0.9512690305709839,-0.2567790191051374,-0.9664701419844296
1071,-0.1656286120414734,-0.9389656782150269,-0.2579350526798876,-0.9661622579044492
1072,-0.21369624137878418,-0.9268282651901245,-0.2577381601272626,-0.9662148005563844
1073,-0.251359224319458,-0.915604293346405,-0.2558893393836644,-0.9667060804555808
1074,-0.26419597864151,-0.9115313291549683,-0.2526558954503994,-0.9675561991399552
1075,-0.25923025608062744,-0.9134008288383484,-0.2521299590771835,-0.9676933831207783
1076,-0.2506917119026184,-0.9162789583206177,-0.2510736190491185,-0.9679679942113676
1077,-0.24562139809131622,-0.9179189205169678,-0.2514685023170958,-0.967865482565835
1078,-0.2407279759645462,-0.9194722175598145,-0.251660833452753,-0.9678154911479075
1079,-0.2367144674062729,-0.9207296967506409,-0.249549568058848,-0.9683620258362274
1080,-0.2355191558599472,-0.9211887717247009,-0.2625627071951478,-0.964914931374966
1081,-0.23527179658412933,-0.921436071395874,-0.2624417124061818,-0.9649478470825824
1082,-0.23601417243480682,-0.9212921857833862,-0.2630454903996079,-0.9647834316469316
1083,-0.23710598051548004,-0.9210625886917114,-0.2576885161034583,-0.9662280417522552
1084,-0.23704351484775543,-0.9212626218795776,-0.2587442018290324,-0.9659458773760862
1085,-0.23685751855373383,-0.921341061592102,-0.2526703930194271,-0.967552413304524
1086,-0.2366725653409958,-0.921493411064148,-0.2535109351232137,-0.9673325207874248
1087,-0.23748944699764252,-0.9214349985122681,-0.253288940030934,-0.9673906723025636
1088,-0.23823942244052887,-0.9214016199111938,-0.2494692913618892,-0.9683827098143568
1089,-0.2362486720085144,-0.9219930171966553,-0.2486299267430384,-0.9685985543700504
1090,-0.2343912571668625,-0.9225878715515137,-0.2505091735797696,-0.9681142256740064
1091,-0.23254303634166718,-0.9230446219444275,-0.2488277800056784,-0.9685477458016438
1092,-0.23084072768688202,-0.9235255718231201,-0.2481173601860113,-0.9687299807347376
1093,-0.22970519959926605,-0.9239052534103394,-0.2480749420431837,-0.968740844153002
1094,-0.22772689163684845,-0.9245134592056274,-0.2466607340108147,-0.9691018946928368
1095,-0.2254631668329239,-0.9250761866569519,-0.2493840583198926,-0.968404663070093
1096,-0.22201703488826752,-0.9260163307189941,-0.2497529068360939,-0.9683096021040593
1097,-0.22150325775146484,-0.926160991191864,-0.2499515065543067,-0.9682583562103828
1098,-0.21903373301029205,-0.9267418384552002,-0.251383739061421,-0.9678875015907062
1099,-0.2165869176387787,-0.9273789525032043,-0.251722532009548,-0.967799445587102
1100,-0.21575681865215302,-0.9275044202804565,-0.2472291306062633,-0.9689570459930984
1101,-0.21552933752536774,-0.9275029897689819,-0.2571684197182541,-0.9663665991225152
1102,-0.2158355712890625,-0.927524209022522,-0.2568761738750068,-0.9664443239500852
1103,-0.21638385951519012,-0.9274680614471436,-0.2571797149429506,-0.966363593179018
1104,-0.21683134138584137,-0.927351713180542,-0.2596838432095081,-0.9656936893114396
1105,-0.21692897379398346,-0.9274507761001587,-0.2607910688232372,-0.9653952653820266
1106,-0.21755538880825043,-0.9273185729980469,-0.2590596574504469,-0.9658613222826852
1107,-0.21822427213191986,-0.9272842407226562,-0.2577186976741286,-0.9662199919630886
1108,-0.21768666803836823,-0.9274752736091614,-0.2567383364847555,-0.9664809499307476
1109,-0.21729248762130737,-0.9275960922241211,-0.2574912012673895,-0.9662806431207636
1110,-0.2167230099439621,-0.9275326728820801,-0.2542757196625574,-0.9671317688867884
1111,-0.2166365683078766,-0.9278135299682617,-0.2537541493716188,-0.9672687484234596
1112,-0.21673814952373505,-0.9278699159622192,-0.2487731882476511,-0.9685617692274968
1113,-0.21643687784671783,-0.927788496017456,-0.2534853280029989,-0.967339231338837
1114,-0.21555683016777039,-0.9280482530593872,-0.2528474658861434,-0.9675061544997816
1115,-0.21482603251934052,-0.9282979369163513,-0.2558658626435508,-0.9667122944980432
1116,-0.21422652900218964,-0.928459882736206,-0.2537337264600474,-0.9672741059579224
1117,-0.21362672746181488,-0.928650438785553,-0.2538928398937671,-0.9672323536000428
1118,-0.2131320685148239,-0.9287017583847046,-0.2552512258400595,-0.9668747652654645
1119,-0.2135121375322342,-0.9286458492279053,-0.2548445055648245,-0.966982046360438
1120,-0.21374846994876862,-0.9284695982933044,-0.2550483709490962,-0.9669282954160624
1121,-0.21252964437007904,-0.9288848638534546,-0.2547689017470125,-0.9670019683033853
1122,-0.21128995716571808,-0.9290072917938232,-0.2526688950645658,-0.9675528044850324
1123,-0.20989839732646942,-0.9294723272323608,-0.2512993042136027,-0.967909427426843
1124,-0.20951798558235168,-0.9297115802764893,-0.2500825620710739,-0.9682245153619936
1125,-0.20859043300151825,-0.929885745048523,-0.2559510593803444,-0.9666897409210876
1126,-0.20831875503063202,-0.9301086664199829,-0.2565615824302591,-0.9665278860027172
1127,-0.20835274457931519,-0.9300766587257385,-0.2627312401708919,-0.9648690561098252
1128,-0.20823697745800018,-0.9299930334091187,-0.2610636869498144,-0.965321579245056
1129,-0.20824064314365387,-0.9301761388778687,-0.2584566743434109,-0.966022850396068
1130,-0.20828430354595184,-0.9301034212112427,-0.2574018252485607,-0.9663044553134944
1131,-0.20767055451869965,-0.9300875067710876,-0.2560624807231976,-0.9666602329494484
1132,-0.20697171986103058,-0.9301611185073853,-0.258006155195007,-0.9661432729577378
1133,-0.20578594505786896,-0.9305798411369324,-0.2572334733015066,-0.9663492847895336
1134,-0.20519667863845825,-0.9307658672332764,-0.2612061776133989,-0.9652830324710971
1135,-0.20413199067115784,-0.9310786128044128,-0.2615558095135085,-0.9651883539028708
1136,-0.20388562977313995,-0.9314305782318115,-0.258157077776767,-0.9661029568290124
1137,-0.20324863493442535,-0.9315828680992126,-0.2609825003120495,-0.9653435318739496
1138,-0.2034524828195572,-0.9316152334213257,-0.2615561380777801,-0.965188264865377
1139,-0.2038268893957138,-0.9314473867416382,-0.2607912245297956,-0.9653952233195738
1140,-0.2045241743326187,-0.9309626817703247,-0.2486712224536869,-0.9685879532202478
1141,-0.20500198006629944,-0.930838942527771,-0.2448391003997259,-0.969563724009646
1142,-0.20492057502269745,-0.9309616684913635,-0.2364930662775381,-0.9716331764625208
1143,-0.2036983221769333,-0.9312015175819397,-0.2441053735213127,-0.969748713130376
1144,-0.19865916669368744,-0.9314364790916443,-0.2445139299957727,-0.9696457796731868
1145,-0.1942613571882248,-0.9316456913948059,-0.2575559738308822,-0.9662633804217284
1146,-0.19013704359531403,-0.9351373910903931,-0.2589904370893841,-0.9658798856463726
1147,-0.1887582540512085,-0.9385419487953186,-0.2625612130583886,-0.9649153379428204
1148,-0.18727533519268036,-0.9408780336380005,-0.2733081161333474,-0.9619265427545082
1149,-0.18620862066745758,-0.9422121047973633,-0.2879986375058843,-0.9576308186325012
1150,-0.1864650696516037,-0.94318687915802,-0.3008937310608954,-0.9536576757979004
1151,-0.18897922337055206,-0.9437297582626343,-0.3030719723154265,-0.9529676697542458
1152,-0.18993793427944183,-0.9435039758682251,-0.2991721789649255,-0.9541991444836756
1153,-0.18819822371006012,-0.9447717666625977,-0.301207523026929,-0.9535586128141164
1154,-0.18448643386363983,-0.9458459615707397,-0.3187725309792424,-0.9478312473711172
1155,-0.17843686044216156,-0.9480658173561096,-0.3094991639627974,-0.950899714747212
1156,-0.1714756339788437,-0.9494495987892151,-0.3106185659925844,-0.950534642430622
1157,-0.16993528604507446,-0.9492380619049072,-0.2878147439814415,-0.9576861036617882
1158,-0.17741627991199493,-0.9555338621139526,-0.2934351734834132,-0.9559789741216902
1159,-0.18717078864574432,-0.9525885581970215,-0.3496872866342235,-0.9368664801167744
1160,-0.19745080173015594,-0.9506030678749084,-0.4063665453962081,-0.9137101459340108
1161,-0.20699132978916168,-0.948218822479248,-0.4486438274784111,-0.8937106444848476
1162,-0.2136409729719162,-0.9450058341026306,-0.4488346082648259,-0.8936148468013276
1163,-0.22032493352890015,-0.9394014477729797,-0.4520088727855189,-0.8920134409991616
1164,-0.22802436351776123,-0.9349575042724609,-0.4792492693498299,-0.8776788352396645
1165,-0.2340543419122696,-0.9327149391174316,-0.4987858404348528,-0.8667252652263562
1166,-0.2381383329629898,-0.9347043633460999,-0.4988113329765345,-0.8667105941974939
1167,-0.23867763578891754,-0.9389530420303345,-0.4958364017778167,-0.8684159502634826
1168,-0.23873941600322723,-0.9398651123046875,-0.49316428552225,-0.8699361973646853
1169,-0.24303749203681946,-0.9405806064605713,-0.4949157105626613,-0.8689409873163172
1170,-0.2491506189107895,-0.9400568008422852,-0.498101093534458,-0.8671189656672128
1171,-0.2586006820201874,-0.9365589022636414,-0.4917355238024827,-0.8707446093032664
1172,-0.2688823342323303,-0.9349741339683533,-0.5079385400023884,-0.8613933129414473
1173,-0.27768757939338684,-0.9330800771713257,-0.5119322452677417,-0.8590258297950818
1174,-0.28614768385887146,-0.9292808175086975,-0.5059302979543905,-0.862574364105369
1175,-0.2935159504413605,-0.9268072247505188,-0.5030597220546007,-0.8642516508785782
1176,-0.30099034309387207,-0.9254190921783447,-0.4903173849513009,-0.8715439530020949
1177,-0.30727750062942505,-0.9230748414993286,-0.4875089926671319,-0.873117965723234
1178,-0.3132583796977997,-0.9196434020996094,-0.4702499705140224,-0.8825332657931717
1179,-0.32330361008644104,-0.9160957336425781,-0.4616641065118942,-0.8870548194776772
1180,-0.3300296664237976,-0.9167971611022949,-0.4482726223726639,-0.8938968934005392
1181,-0.33483976125717163,-0.9168320894241333,-0.4499402699254843,-0.893058650649207
1182,-0.33874353766441345,-0.915122389793396,-0.4682808422327301,-0.8835796810688921
1183,-0.34380245208740234,-0.9124014377593994,-0.4783502245078709,-0.8781691538156355
1184,-0.34808629751205444,-0.9101632237434387,-0.4981320282139254,-0.8671011950559641
1185,-0.357340931892395,-0.9047849178314209,-0.5173873445671638,-0.8557513281799444
1186,-0.4221508502960205,-0.8677583336830139,-0.5395814132938019,-0.8419334287387948
1187,-0.42008405923843384,-0.8686306476593018,-0.5470660512039784,-0.837089443022719
1188,-0.41870465874671936,-0.8784120678901672,-0.5489294086694079,-0.8358687123573021
1189,-0.4232065677642822,-0.8758338689804077,-0.5448095620059494,-0.8385598017713976
1190,-0.43361806869506836,-0.8702321648597717,-0.5485891672810559,-0.8360920556624597
1191,-0.44935840368270874,-0.8612226843833923,-0.5488724424975764,-0.8359061202472109
1192,-0.4255603551864624,-0.9034447073936462,-0.5535143455111325,-0.8328396420160261
1193,-0.41988757252693176,-0.89033043384552,-0.5439544433116152,-0.8391147499606658
1194,-0.4295199513435364,-0.8798133730888367,-0.5345179753279289,-0.8451571061354993
1195,-0.4399763345718384,-0.8757467269897461,-0.5433919135375235,-0.8394791410761965
1196,-0.4390121102333069,-0.8750715255737305,-0.5169334653225345,-0.8560255793080228
1197,-0.4318351745605469,-0.8850666284561157,-0.4978987387646761,-0.8672351733737191
1198,-0.42606982588768005,-0.8912292718887329,-0.5100364872229703,-0.8601527664904954
1199,-0.42188504338264465,-0.8938971757888794,-0.5129611654614069,-0.8584118141827238
1200,-0.4224385619163513,-0.8938519954681396,-0.5175964287108432,-0.8556248809997177
1201,-0.4271043539047241,-0.8893815279006958,-0.5011260848827274,-0.8653742814817814
1202,-0.4324769377708435,-0.8851723670959473,-0.4798430521284821,-0.8773543442213202
1203,-0.43801337480545044,-0.8792024850845337,-0.4751949372951702,-0.8798805439200479
1204,-0.44197961688041687,-0.8763110041618347,-0.4647058341080682,-0.885465125087332
1205,-0.4434860646724701,-0.8762864470481873,-0.4701408314332424,-0.8825914109140535
1206,-0.44488614797592163,-0.8766242265701294,-0.4669507866323345,-0.8842833046390981
1207,-0.4480302631855011,-0.8740421533584595,-0.4829760322334582,-0.8756335719283641
1208,-0.4506880044937134,-0.8730303049087524,-0.4930152431405544,-0.8700206721860464
1209,-0.4501185417175293,-0.8741183876991272,-0.4812127795906841,-0.8766038220077572
1210,-0.44691938161849976,-0.8774768114089966,-0.4817105534288711,-0.8763303844528334
1211,-0.5011577010154724,-0.8489700555801392,-0.4864701971985758,-0.8736971713572036
1212,-0.4850860834121704,-0.8443223237991333,-0.4964078144599982,-0.868089443400303
1213,-0.48155146837234497,-0.8531049489974976,-0.4921856479660842,-0.8704902572322138
1214,-0.4842686653137207,-0.8445768356323242,-0.4996131134892588,-0.8662486576206447
1215,-0.49460485577583313,-0.8339294791221619,-0.5003148355058813,-0.8658435571006594
1216,-0.5131663680076599,-0.8178702592849731,-0.4948848075317834,-0.8689585877786292
1217,-0.48655617237091064,-0.8607650995254517,-0.4953303666335363,-0.8687046839350451
1218,-0.47257471084594727,-0.857761800289154,-0.490298175174458,-0.8715547598519535
1219,-0.47256067395210266,-0.8590196371078491,-0.4810433811312584,-0.8766967922091462
1220,-0.47521111369132996,-0.8633228540420532,-0.4814483068419039,-0.8764744878426661
1221,-0.46624526381492615,-0.8694316148757935,-0.4806059750548545,-0.876936654919597
1222,-0.44928205013275146,-0.8792499303817749,-0.4895245461411175,-0.8719895175547312
1223,-0.4296894073486328,-0.8946303725242615,-0.4773825562892665,-0.8786955644310066
1224,-0.4152417480945587,-0.9015944004058838,-0.4527602254620147,-0.8916323111235851
1225,-0.40831324458122253,-0.9001034498214722,-0.4376923599421208,-0.8991247955919672
1226,-0.40308210253715515,-0.8986799716949463,-0.4152331190787989,-0.9097150415487764
1227,-0.4003734886646271,-0.8972068428993225,-0.4051796736195986,-0.9142370765209183
1228,-0.3970748782157898,-0.8953249454498291,-0.4081126341478532,-0.9129315844294688
1229,-0.3949459195137024,-0.8978725671768188,-0.40881114620023,-0.9126190041536798
1230,-0.393628865480423,-0.8997605443000793,-0.4236981341375813,-0.9058034506052248
1231,-0.3890262246131897,-0.9030064940452576,-0.4176661387161841,-0.9086005704213008
1232,-0.3862190842628479,-0.9052679538726807,-0.430981229765335,-0.902360892099142
1233,-0.3781126141548157,-0.9129364490509033,-0.4378912832819586,-0.8990279328395083
1234,-0.37077200412750244,-0.9176088571548462,-0.4421632540862669,-0.8969345888836283
1235,-0.41390079259872437,-0.8939674496650696,-0.4412967314781332,-0.8973612398508843
1236,-0.38309499621391296,-0.8969343900680542,-0.4442684618556654,-0.8958937067534302
1237,-0.3610857129096985,-0.9094933271408081,-0.4398972920030116,-0.8980480902982964
1238,-0.347785621881485,-0.9058009386062622,-0.4272935555593404,-0.9041129450336703
1239,-0.34585583209991455,-0.9019705057144165,-0.4213334024227753,-0.9069058187060262
1240,-0.3322136700153351,-0.9554282426834106,-0.45633261215166,-0.8898092756803802
1241,-0.3237907886505127,-0.9379985332489014,-0.4702177989312279,-0.8825504073809446
1242,-0.3338300287723541,-0.9290895462036133,-0.4518193248555234,-0.892109465080995
1243,-0.3420371413230896,-0.9224505424499512,-0.451913737467364,-0.8920616424262834
1244,-0.3407253623008728,-0.9148960709571838,-0.459235154443288,-0.8883147375358856
1245,-0.3347682058811188,-0.9209866523742676,-0.4601084586884517,-0.8878627181289557
1246,-0.32719898223876953,-0.9272131323814392,-0.4657705100024286,-0.8849055497690572
1247,-0.32085078954696655,-0.931793212890625,-0.451998439093716,-0.8920187279742754
1248,-0.31505197286605835,-0.9320393800735474,-0.4452414091325442,-0.8954105692885618
1249,-0.30816203355789185,-0.929610013961792,-0.439830263158124,-0.8980809204132194
1250,-0.29996436834335327,-0.9279109239578247,-0.4163506386024707,-0.9092041276497346
1251,-0.2979626953601837,-0.9287929534912109,-0.4132887838673554,-0.910600011601934
1252,-0.2972050905227661,-0.9299448728561401,-0.4129432739383084,-0.9107567471663942
1253,-0.2995380759239197,-0.9316588640213013,-0.4234817401321947,-0.9059046394486608
1254,-0.3053261935710907,-0.9320245981216431,-0.4266065407005104,-0.9044373164744716
1255,-0.31094831228256226,-0.929053544998169,-0.4239310737544848,-0.905694454385898
1256,-0.31363987922668457,-0.9272420406341553,-0.4214839660121563,-0.906835854162518
1257,-0.3736315965652466,-0.8933734893798828,-0.4273743080982077,-0.904074776098514
1258,-0.3654705584049225,-0.8903335332870483,-0.4500387237006861,-0.8930090409227991
1259,-0.2858438491821289,-0.8865388631820679,-0.4154882711870015,-0.9095985358970388
1260,-0.3858620822429657,-0.8781567811965942,-0.4001799699061272,-0.9164365726475188
1261,-0.39706677198410034,-0.8502852916717529,-0.4083305128233737,-0.9128341537746056
1262,-0.4247109293937683,-0.856848955154419,-0.415055056222024,-0.909796296049029
1263,-0.42010271549224854,-0.9015015363693237,-0.4066915736811303,-0.9135655224978478
1264,-0.4204716682434082,-0.8843639492988586,-0.407996095671024,-0.9129836723168716
1265,-0.43137791752815247,-0.8712038397789001,-0.4101706705695502,-0.9120087834031674
1266,-0.43840348720550537,-0.8698239326477051,-0.4205723762081034,-0.9072589907907608
1267,-0.43346697092056274,-0.8759521842002869,-0.4135817144487646,-0.9104670040554026
1268,-0.4259253144264221,-0.8854783773422241,-0.4204923756933659,-0.9072960718441082
1269,-0.4157504439353943,-0.8922473788261414,-0.4225531763314155,-0.906338134016346
1270,-0.40336504578590393,-0.8970957398414612,-0.4150581498903901,-0.9097948846908112
1271,-0.3913500905036926,-0.9001997709274292,-0.4093176398476865,-0.9123919496080176
1272,-0.38196080923080444,-0.8993551135063171,-0.3840265394548898,-0.9233220548618462
1273,-0.36864596605300903,-0.9022770524024963,-0.3484798489946248,-0.9373162725807568
1274,-0.3528558909893036,-0.9061747789382935,-0.3407531639172834,-0.940152796773142
1275,-0.3351685404777527,-0.913245677947998,-0.334984167361481,-0.9422237566614076
1276,-0.32243168354034424,-0.9176045656204224,-0.3387448758878926,-0.940878264739757
1277,-0.32288843393325806,-0.9168009757995605,-0.3430134937058712,-0.9393304759964368
1278,-0.32260802388191223,-0.9222869873046875,-0.3451646936009658,-0.9385421324007523
1279,-0.39995622634887695,-0.8966925740242004,-0.3523045482423866,-0.9358854124772582
1280,-0.39712974429130554,-0.8843950033187866,-0.3418489890655817,-0.9397548981914592
1281,-0.39036116003990173,-0.8857382535934448,-0.316020057679567,-0.9487525089000836
1282,-0.3909139633178711,-0.8757120370864868,-0.3115812822540426,-0.9502195033511608
1283,-0.40463629364967346,-0.8669829964637756,-0.2997299740722567,-0.9540240786492992
1284,-0.3945515751838684,-0.9053146839141846,-0.3230668590942939,-0.9463761432722972
1285,-0.3779669404029846,-0.8996257781982422,-0.3289734592747078,-0.9443391674037628
1286,-0.38374245166778564,-0.894264817237854,-0.3172630242563871,-0.9483375841121616
1287,-0.38334721326828003,-0.8923929929733276,-0.3083866292206257,-0.9512611034400285
1288,-0.3711576461791992,-0.8974250555038452,-0.3084446500288202,-0.9512422918839336
1289,-0.35903802514076233,-0.9069987535476685,-0.2863840303373773,-0.9581149133416724
1290,-0.3454720973968506,-0.9086111187934875,-0.2768319427354977,-0.9609183500596136
1291,-0.3369871973991394,-0.9090321063995361,-0.2783744695850121,-0.9604726204755986
1292,-0.33284568786621094,-0.9060554504394531,-0.2793058892516971,-0.9602021767468134
1293,-0.32566630840301514,-0.9064710140228271,-0.2756100808019031,-0.961269516504278
1294,-0.3199283182621002,-0.9050580859184265,-0.269187742554226,-0.9630877214763772
1295,-0.319019615650177,-0.9062933921813965,-0.2879306328065593,-0.9576512677857292
1296,-0.3211592435836792,-0.9079356789588928,-0.2974802962382679,-0.9547279577712136
1297,-0.32118865847587585,-0.9111623764038086,-0.294753647192084,-0.9555732768694216
1298,-0.3190637528896332,-0.9210214018821716,-0.2763883533584382,-0.9610460333031976
1299,-0.3952164351940155,-0.8997345566749573,-0.2705597869651241,-0.9627031742325288
1300,-0.24770675599575043,-0.9381214380264282,-0.2667043912349243,-0.9637783810067584
1301,-0.29550445079803467,-0.9404078722000122,-0.2925964396081393,-0.9562360187362952
1302,-0.26592913269996643,-0.9110087156295776,-0.2901711841590147,-0.9569747561371488
1303,-0.25709792971611023,-0.9339386820793152,-0.264508812156587,-0.9643832683593756
1304,-0.2595200538635254,-0.9308266639709473,-0.2533130882860124,-0.9673843493167558
1305,-0.27035459876060486,-0.9314401149749756,-0.2456634473509427,-0.969355182910604
1306,-0.2827366888523102,-0.9311873316764832,-0.2553992554824796,-0.9668356738862064
1307,-0.28465744853019714,-0.9275863170623779,-0.2436147036711525,-0.9698720926778008
1308,-0.2858404815196991,-0.9311360716819763,-0.2292336069173217,-0.973371436533698
1309,-0.28851792216300964,-0.9311019778251648,-0.2269801849416467,-0.9738993765496804
1310,-0.2752569019794464,-0.9324105978012085,-0.2027063674168146,-0.9792395665048872
1311,-0.2705387473106384,-0.9292985796928406,-0.2007942154053344,-0.9796334432121824
1312,-0.25981858372688293,-0.9283042550086975,-0.2116560645096627,-0.9773442128320408
1313,-0.24435454607009888,-0.9316983222961426,-0.1759574239836861,-0.9843977778037826
1314,-0.2244473546743393,-0.9361025094985962,-0.1446566094324237,-0.9894819176455502
1315,-0.2078161984682083,-0.9389943480491638,-0.1220559021148523,-0.99252322731457
1316,-0.20071563124656677,-0.9444036483764648,-0.1116166297472666,-0.9937513411129876
1317,-0.20507808029651642,-0.9482210874557495,-0.1042535234227704,-0.9945507542875516
1318,-0.12156464159488678,-0.961880624294281,-0.102069561165072,-0.9947772638553666
1319,-0.11167828738689423,-0.9633163809776306,-0.1124077252345784,-0.9936621675939904
1320,-0.10221827030181885,-0.9614037275314331,-0.1021659965425885,-0.9947673643372404
1321,-0.08404121547937393,-0.965686023235321,-0.09728379688029,-0.9952566818989734
1322,-0.1296854019165039,-0.9629711508750916,-0.0795635431535563,-0.9968297962043732
1323,-0.11644086241722107,-0.9497676491737366,-0.0918189906164451,-0.9957757141857684
1324,-0.11255870759487152,-0.9416961669921875,-0.0968888735448613,-0.9952952055461776
1325,-0.11653511226177216,-0.9416947364807129,-0.0915867155461273,-0.9957971046028768
1326,-0.1227942407131195,-0.9460272789001465,-0.0963969800134465,-0.9953429671446355
1327,-0.11995074152946472,-0.9458103179931641,-0.0831044261805196,-0.9965408442955094
1328,-0.10977615416049957,-0.9481474757194519,-0.0696256940004045,-0.9975731866559776
1329,-0.09909133613109589,-0.9512544870376587,-0.0847940061469477,-0.996398502869987
1330,-0.0938708633184433,-0.9529296159744263,-0.0790289226984615,-0.9968723235084423
1331,-0.09435370564460754,-0.9570292234420776,-0.1103666542337711,-0.993890940512712
1332,-0.09491252154111862,-0.9622770547866821,-0.126060840639752,-0.992022512071777
1333,-0.0901983305811882,-0.965760350227356,-0.1182994803138087,-0.9929779619696918
1334,-0.08670143783092499,-0.9670147895812988,-0.1190968727331118,-0.9928826390390724
1335,-0.08459801971912384,-0.964885950088501,-0.1020703832324078,-0.9947771795064408
1336,-0.09443356096744537,-0.9641048908233643,-0.0891986168087251,-0.9960138587185472
1337,-0.017782539129257202,-0.9650419354438782,-0.0896857388911153,-0.9959701141297136
1338,0.0027919153217226267,-0.9731676578521729,-0.0846319431702638,-0.996412281234643
1339,0.014401514083147049,-0.9777103662490845,-0.063896748883006,-0.9979565148252614
1340,0.02372271940112114,-0.9752066731452942,-0.0728771699233445,-0.9973409237086204
1341,0.03700288012623787,-0.9681192636489868,-0.0718948618452493,-0.9974122161073888
1342,0.05649716779589653,-0.9681340456008911,-0.0710451608696587,-0.997473099946562
1343,0.07838417589664459,-0.96990966796875,-0.0702850461770643,-0.9975269481492156
1344,0.025144871324300766,-0.9958507418632507,-0.0630431328849711,-0.9980108032461612
1345,0.021388623863458633,-0.9707623720169067,-0.0715307339318981,-0.9974383961444256
1346,0.006552819162607193,-0.9603240489959717,-0.0854665828949912,-0.996341037601209
1347,-0.006352752447128296,-0.9631493091583252,-0.0725533022069857,-0.9973645363350664
1348,-0.016922272741794586,-0.966423749923706,-0.0711479517172344,-0.9974657733308157
1349,-0.027242302894592285,-0.9729247689247131,-0.0819824598147872,-0.9966337723972216
1350,-0.03636803478002548,-0.974317193031311,-0.0669062437639991,-0.9977592668301268
1351,-0.04350444674491882,-0.9747443795204163,-0.0615029922419606,-0.9981068990570524
1352,-0.0480249784886837,-0.9725332260131836,-0.0719608375432284,-0.9974074582937892
1353,-0.04788438603281975,-0.9720799326896667,-0.0756828096837283,-0.9971319432845268
1354,-0.04423631355166435,-0.9715099334716797,-0.0998253108965983,-0.9950049785324682
1355,-0.03879036381840706,-0.9717525243759155,-0.1112645713748741,-0.9937908206241218
1356,-0.04696192592382431,-0.9715263843536377,-0.1401103325379803,-0.990135897094988
1357,-0.03961533308029175,-0.9750697612762451,-0.1250355629975322,-0.992152260485199
1358,-0.03493625298142433,-0.975961446762085,-0.1142738523392339,-0.9934492874181102
1359,-0.05341413989663124,-0.9755951762199402,-0.1316267041957401,-0.9912993547574652
1360,-0.06754206120967865,-0.9741619825363159,-0.1619908736362671,-0.9867922561808836
1361,0.010477874428033829,-0.9763011932373047,-0.1600304469870286,-0.9871120787616428
1362,-0.1033465713262558,-0.9618631601333618,-0.1626689037089666,-0.9866807121688976
1363,-0.021731290966272354,-0.985034167766571,-0.1535968144303719,-0.98813360361686
1364,0.026105564087629318,-0.9996690154075623,-0.1457400021053424,-0.9893229259379036
1365,-0.025556763634085655,-1.0042922496795654,-0.1733913440892101,-0.9848530051712984
1366,-0.016544565558433533,-0.9768903255462646,-0.2013017780903897,-0.979529271710472
1367,-0.01169191300868988,-0.9690183401107788,-0.2015266312971521,-0.9794830355233426
1368,-0.00787903368473053,-0.9696720838546753,-0.1810618695586726,-0.9834717074689634
1369,-0.016441399231553078,-0.967593789100647,-0.2106624862344847,-0.9775588559741584
1370,-0.03233691677451134,-0.9615234136581421,-0.2170929675679563,-0.9761509327109912
1371,-0.043468695133924484,-0.9581707119941711,-0.2186011193176517,-0.9758143013058732
1372,-0.05241761356592178,-0.9607800245285034,-0.2090834443085679,-0.9778978031042233
1373,-0.06335917115211487,-0.9638209342956543,-0.2051739823061713,-0.978725516671874
1374,-0.07482448220252991,-0.9639519453048706,-0.2144288618572521,-0.9767396086995772
1375,-0.07915406674146652,-0.9632696509361267,-0.227834898819105,-0.973699778617664
1376,-0.07664331793785095,-0.9659436941146851,-0.2362085410423637,-0.9717023850637796
1377,-0.06895293295383453,-0.9699755907058716,-0.2561131294050728,-0.9666468149982912
1378,-0.06555773317813873,-0.9732270240783691,-0.2440946506245918,-0.9697514122374138
1379,-0.0568629652261734,-0.9786599278450012,-0.2311131126702529,-0.9729268878758912
1380,-0.04961618036031723,-0.9794610738754272,-0.2358239342708713,-0.9717957974929752
1381,-0.04491928964853287,-0.9779767394065857,-0.2188673970249703,-0.9757546118361492
1382,-0.048845820128917694,-0.9775386452674866,-0.2445032213720553,-0.9696484799857564
1383,-0.07075941562652588,-0.977026104927063,-0.2617910598958196,-0.9651245727669684
1384,-0.16849330067634583,-0.9464753866195679,-0.2474431914580091,-0.9689024032383629
1385,-0.20151500403881073,-0.9348347187042236,-0.2270199315089342,-0.9738901122291358
1386,-0.2031475156545639,-0.9239120483398438,-0.2322088969596163,-0.9726659386309352
1387,-0.2153821885585785,-0.9167311191558838,-0.1977158194741576,-0.9802593813525388
1388,-0.2495352029800415,-0.9095352292060852,-0.1913761431001254,-0.9815167710498482
1389,-0.2615777254104614,-0.951911211013794,-0.1804296072679655,-0.9835878998956462
1390,-0.25181126594543457,-0.9369766712188721,-0.1997558809569873,-0.9798456960272356
1391,-0.26673004031181335,-0.9311164617538452,-0.1930302176795364,-0.981192812378174
1392,-0.28835153579711914,-0.9194920063018799,-0.2027348189926889,-0.9792336764878962
1393,-0.30210480093955994,-0.9138655662536621,-0.1959507716772591,-0.9806137338825552
1394,-0.30651146173477173,-0.918700098991394,-0.1971124784069428,-0.9803808805032218
1395,-0.31435179710388184,-0.9231120944023132,-0.180656645802444,-0.983546224804615
1396,-0.32743120193481445,-0.923487663269043,-0.1633648827561183,-0.9865657175688196
1397,-0.33128082752227783,-0.9221189022064209,-0.170366081525603,-0.9853808392015808
1398,-0.32129985094070435,-0.924580454826355,-0.1757377513464451,-0.9844370181741924
1399,-0.29991641640663147,-0.9289186596870422,-0.1515945122011571,-0.9884427671193174
1400,-0.2915826439857483,-0.9333248138427734,-0.1353558647534941,-0.990797047773576
1401,-0.28557634353637695,-0.935996413230896,-0.105879314990544,-0.9943789874374525
1402,-0.2764916718006134,-0.9391160011291504,-0.1024580909702451,-0.9947373219070113
1403,-0.26698213815689087,-0.9452207088470459,-0.088501649249118,-0.9960760302708755
1404,-0.2754438817501068,-0.9460180401802063,-0.0704661085353116,-0.997514174108764
1405,-0.30163875222206116,-0.9371574521064758,-0.0604876989454435,-0.9981689427528214
1406,-0.21121998131275177,-0.953997015953064,-0.0951077073217788,-0.9954669879046693
1407,-0.1964276283979416,-0.9589846134185791,-0.1021531127756072,-0.9947686874596798
1408,-0.2560091018676758,-0.9209604859352112,-0.1001758539270068,-0.9949697474245108
1409,-0.23769527673721313,-0.950905442237854,-0.0949173501137757,-0.9954851564174018
1410,-0.19696956872940063,-0.9626216888427734,-0.124075532845642,-0.9922727760797784
1411,-0.2355843037366867,-0.9521803855895996,-0.1255192222897992,-0.992091187762377
1412,-0.2273840755224228,-0.9382915496826172,-0.1336695900083566,-0.9910259535990962
1413,-0.2368125170469284,-0.9334143400192261,-0.1612189194723013,-0.9869186693969184
1414,-0.24013149738311768,-0.9294157028198242,-0.1446281009532531,-0.9894860850030462
1415,-0.237495556473732,-0.933099091053009,-0.1499198941052107,-0.9886981467320964
1416,-0.23393213748931885,-0.9367468357086182,-0.1529258740355982,-0.9882376622303202
1417,-0.21281827986240387,-0.942520022392273,-0.1815984592164342,-0.9833727673726872
1418,-0.19956634938716888,-0.9515542984008789,-0.1790395648587893,-0.9838418745993562
1419,-0.1848515421152115,-0.9606449604034424,-0.1778582045570437,-0.9840561259764328
1420,-0.17572204768657684,-0.9667790532112122,-0.1832582449320181,-0.983064807459018
1421,-0.17138713598251343,-0.9708969593048096,-0.2090578527742701,-0.977903274456841
1422,-0.17135034501552582,-0.9727490544319153,-0.2202471581008591,-0.9754440985256384
1423,-0.15984658896923065,-0.9713760614395142,-0.2224058294609152,-0.9749541768830996
1424,-0.15045152604579926,-0.9692842960357666,-0.2383069904300011,-0.9711898775791452
1425,-0.1458505094051361,-0.9724289178848267,-0.2482199800459816,-0.968703691283342
1426,-0.1458403468132019,-0.9759252071380615,-0.2588039077784215,-0.96592988219571
1427,-0.14871746301651,-0.9728001952171326,-0.2745029640810554,-0.9615862533910906
1428,-0.1576906144618988,-0.9707415103912354,-0.2944774751999004,-0.9556584204619828
1429,-0.2269177883863449,-0.9311497807502747,-0.3178261553962261,-0.9481490046116454
1430,-0.2406698316335678,-0.9255399703979492,-0.3311705928895453,-0.9435708973920228
1431,-0.23659063875675201,-0.9248476624488831,-0.3401534543965752,-0.9403699418112412
1432,-0.23851853609085083,-0.9220764636993408,-0.3468833329709139,-0.9379082861916672
1433,-0.25866442918777466,-0.9210188388824463,-0.3586620808092559,-0.933467466915465
1434,-0.2834549844264984,-0.9142687916755676,-0.3690169620896094,-0.9294226604135256
1435,-0.3045980930328369,-0.9042533040046692,-0.37608381040715,-0.9265856504121132
1436,-0.3044797480106354,-0.8969663977622986,-0.4073441440118664,-0.9132747386954484
1437,-0.3342275619506836,-0.877997636795044,-0.4240730810822547,-0.9056279710241968
1438,-0.3361349105834961,-0.9140493869781494,-0.4148806100990271,-0.9098758593148072
1439,-0.33666518330574036,-0.9058828353881836,-0.4179846581935452,-0.9084540855292716
1440,-0.35991546511650085,-0.8989074230194092,-0.416296786101504,-0.9092287863247394
1441,-0.3882642984390259,-0.8864939212799072,-0.4315074553368027,-0.9021093703031564
1442,-0.36901360750198364,-0.8922972679138184,-0.4452500339405021,-0.89540628056541
1443,-0.36294418573379517,-0.8976215124130249,-0.4366025638527989,-0.8996544899221938
1444,-0.362326443195343,-0.9018427133560181,-0.4137858203276203,-0.910374260892628
1445,-0.35699325799942017,-0.9065877199172974,-0.3888925355499067,-0.9212831246655744
1446,-0.3426614999771118,-0.9143023490905762,-0.3635238546252762,-0.9315848899152352
1447,-0.3207435607910156,-0.923771321773529,-0.3602815374911046,-0.9328436169814562
1448,-0.29970747232437134,-0.9316482543945312,-0.3509826548539569,-0.9363819605223438
1449,-0.28376850485801697,-0.9427631497383118,-0.3410366989288514,-0.940049982705022
1450,-0.282509446144104,-0.9472845792770386,-0.3643366254389286,-0.9312673211080552
1451,-0.28336527943611145,-0.9493333101272583,-0.3745501891852765,-0.9272066413595588
1452,-0.3395748436450958,-0.9123915433883667,-0.3853234752956477,-0.9227815664533424
1453,-0.32703351974487305,-0.9141011238098145,-0.4031657207934936,-0.9151269865855026
1454,-0.31569695472717285,-0.9109667539596558,-0.40327511107905,-0.9150787861076116
1455,-0.31796565651893616,-0.9035909175872803,-0.3965396350753529,-0.9180176021266182
1456,-0.3377963900566101,-0.8919171094894409,-0.4003814786118845,-0.9163485535452986
1457,-0.37076860666275024,-0.876805305480957,-0.3879168884800142,-0.9216943569491918
1458,-0.40384194254875183,-0.8565797805786133,-0.4016920723000847,-0.9157747971260528
1459,-0.4107183516025543,-0.882609486579895,-0.4393981843859567,-0.8982923998110665
1460,-0.42395925521850586,-0.8676410913467407,-0.4095508276151772,-0.912287301018557
1461,-0.4334876537322998,-0.8675869703292847,-0.4014300791728552,-0.9158896721413968
1462,-0.45997756719589233,-0.8571587800979614,-0.4234836389544044,-0.9059037518069653
1463,-0.44806262850761414,-0.8607485890388489,-0.4589553314785988,-0.8884593427430258
1464,-0.4460917115211487,-0.8642677068710327,-0.4347975654656222,-0.9005282211375543
1465,-0.439674973487854,-0.8716675043106079,-0.4267003386601667,-0.9043930677461538
1466,-0.4353332817554474,-0.8726530075073242,-0.4103672847585252,-0.9119203318272464
1467,-0.43167221546173096,-0.8727128505706787,-0.3952797787408935,-0.9185607745372922
1468,-0.4230274260044098,-0.8762372732162476,-0.3829864970311532,-0.9237539407720036
1469,-0.41205233335494995,-0.8823940753936768,-0.3682714053865863,-0.9297183293743264
1470,-0.40160590410232544,-0.89031982421875,-0.3621152576207788,-0.9321333274796244
1471,-0.39197349548339844,-0.8994977474212646,-0.3565520457378189,-0.9342754618848642
1472,-0.3824416399002075,-0.9047656655311584,-0.3759100413309575,-0.9266561610578964
1473,-0.3784133195877075,-0.9065648913383484,-0.4023383908113763,-0.9154910263237496
1474,-0.38120415806770325,-0.9083324670791626,-0.4195873964818324,-0.907714942431597
1475,-0.4454852342605591,-0.8696222305297852,-0.4212056740702853,-0.9069651482449568
1476,-0.43956810235977173,-0.8592149019241333,-0.4219936314401604,-0.9065987949605636
1477,-0.4341173768043518,-0.8664102554321289,-0.4148644269255404,-0.909883238262879
1478,-0.4400891661643982,-0.8585557341575623,-0.4162781128049891,-0.9092373357927604
1479,-0.4565683603286743,-0.8479179739952087,-0.4213377631709674,-0.9069037927619918
1480,-0.47848600149154663,-0.8337275385856628,-0.4381674796462427,-0.8988933528402907
1481,-0.5028613209724426,-0.8170446753501892,-0.4561054645938187,-0.8899257301413735
1482,-0.4948027729988098,-0.8529459834098816,-0.4541904466903019,-0.8909046178661687
1483,-0.49799227714538574,-0.841346263885498,-0.4413944483684203,-0.8973131788564893
1484,-0.5118924975395203,-0.8339847922325134,-0.4220784654844154,-0.9065593025138076
1485,-0.5266234278678894,-0.8256722688674927,-0.4708811248239605,-0.8821966709779184
1486,-0.5253454446792603,-0.8257743120193481,-0.4672759451558971,-0.88411152638039
1487,-0.515571117401123,-0.8370754718780518,-0.456623796751938,-0.8896598834610027
1488,-0.49923551082611084,-0.8496901988983154,-0.4401671291541643,-0.8979158637713119
1489,-0.4916444420814514,-0.8540380001068115,-0.4209120820806304,-0.9071014381856908
1490,-0.4807578921318054,-0.8604521751403809,-0.4076267712485739,-0.9131486272023096
1491,-0.4663518965244293,-0.8679700493812561,-0.3820037606452368,-0.9241607689427724
1492,-0.45221519470214844,-0.8738639950752258,-0.3975318972566311,-0.917588355780272
1493,-0.43574684858322144,-0.8824214339256287,-0.3958214910788079,-0.9183274727460512
1494,-0.4222719371318817,-0.8894045352935791,-0.3736717947767726,-0.9275609897943669
1495,-0.415005087852478,-0.8902397155761719,-0.3817566738323038,-0.9242628641163162
1496,-0.4117819666862488,-0.8891831636428833,-0.3783510116323604,-0.9256622018840184
1497,-0.47418564558029175,-0.8578848242759705,-0.3850306245504716,-0.9229037968056442
1498,-0.46422386169433594,-0.8477752208709717,-0.3925396119425313,-0.919735099393302
1499,-0.45757848024368286,-0.8566632270812988,-0.3896038044538071,-0.9209825598539418
1500,-0.4568616449832916,-0.8533669114112854,-0.3893969901936067,-0.9210700212406004
1501,-0.46089690923690796,-0.8489284515380859,-0.3887062546360866,-0.9213617354800372
1502,-0.4753815829753876,-0.8387277126312256,-0.3848487020137592,-0.9229796728846876
1503,-0.4914146065711975,-0.826235294342041,-0.4122880347114358,-0.911053552999922
1504,-0.46703392267227173,-0.867430567741394,-0.4005727151010033,-0.9162649725470304
1505,-0.4447001814842224,-0.8659857511520386,-0.4011361852528215,-0.9160184282430208
1506,-0.44461125135421753,-0.8662258982658386,-0.4063033701167167,-0.913738240105884
1507,-0.44662225246429443,-0.8668055534362793,-0.4106037287264394,-0.9118138943643842
1508,-0.4787641167640686,-0.8523488640785217,-0.4190756094474371,-0.9079513387656076
1509,-0.47042715549468994,-0.8593699932098389,-0.4310768376132159,-0.9023152221221744
1510,-0.4591969847679138,-0.8679021596908569,-0.4200706171764607,-0.9074914195654896
1511,-0.4479108154773712,-0.8737583160400391,-0.3985378230519543,-0.917151897777576
1512,-0.4379270076751709,-0.8784860968589783,-0.3960406280904123,-0.9182329883541276
1513,-0.4266466796398163,-0.8817532062530518,-0.3836419075387572,-0.923481936358272
1514,-0.4169575572013855,-0.8880388140678406,-0.3584595678395749,-0.9335452523709096
1515,-0.4083690643310547,-0.8920674920082092,-0.3536143684017757,-0.9353912969767322
1516,-0.40062832832336426,-0.8969234228134155,-0.3538005604847145,-0.9353208879313568
1517,-0.3908408284187317,-0.9034004211425781,-0.3593358702682327,-0.9332083006159836
1518,-0.3867351710796356,-0.9070281982421875,-0.3714242673158998,-0.9284632537956724
1519,-0.3862435817718506,-0.9050201177597046,-0.385839223778643,-0.9225660374162352
1520,-0.38509321212768555,-0.904776394367218,-0.3967968822142357,-0.917906440910544
1521,-0.43491503596305847,-0.8728594779968262,-0.3896229300030426,-0.9209744689272577
1522,-0.412419855594635,-0.8703568577766418,-0.4014402237837016,-0.9158852257398258
1523,-0.397407203912735,-0.883470892906189,-0.3859294406357356,-0.922528301381908
1524,-0.39319783449172974,-0.8782166242599487,-0.378404559617555,-0.9256403131133843
1525,-0.4019033908843994,-0.8732336163520813,-0.3939848307813601,-0.9191169420232568
1526,-0.4167507290840149,-0.8633146286010742,-0.3885493610715658,-0.9214279103711142
1527,-0.4423392415046692,-0.8469753265380859,-0.3999785735635608,-0.91652448995652
1528,-0.4242531657218933,-0.8887555599212646,-0.408633985143437,-0.9126983434770732
1529,-0.4156738817691803,-0.875944972038269,-0.4251092227401873,-0.9051420599780092
1530,-0.4241946339607239,-0.8711984157562256,-0.4015532772992922,-0.9158356651114858
1531,-0.4332638382911682,-0.868838906288147,-0.4056161504649615,-0.9140435101689556
1532,-0.4348578453063965,-0.8663374185562134,-0.4208248617388306,-0.9071419049644296
1533,-0.42572858929634094,-0.8730430603027344,-0.3805945164208471,-0.9247420256862892
1534,-0.4125935733318329,-0.882952094078064,-0.3707248208159173,-0.9287427562199374
1535,-0.40097272396087646,-0.8887975215911865,-0.3633218068775322,-0.9316637079157076
1536,-0.39574193954467773,-0.890653133392334,-0.371887874605232,-0.9282776571272214
1537,-0.4042033851146698,-0.8880430459976196,-0.3838977078237109,-0.9233756277527044
1538,-0.3987048864364624,-0.891822338104248,-0.3718939062291481,-0.9282752407069929
1539,-0.3909814953804016,-0.8953457474708557,-0.3468722009741853,-0.9379124032612663
1540,-0.3796883225440979,-0.8996361494064331,-0.3301478832106952,-0.9439292215052446
1541,-0.36493515968322754,-0.9060875177383423,-0.3334171279862412,-0.9427794115090796
1542,-0.3502863347530365,-0.9111172556877136,-0.350304614393331,-0.9366358295168618
1543,-0.3404819071292877,-0.9157789945602417,-0.3716079477058661,-0.928389752852666
1544,-0.33581408858299255,-0.9177300930023193,-0.3728733919340921,-0.9278822304514538
1545,-0.3986609876155853,-0.8910107612609863,-0.3373524925248402,-0.9413784020186982
1546,-0.3886895179748535,-0.8840621709823608,-0.3490204491606651,-0.9371151082272058
1547,-0.3741695284843445,-0.8913301825523376,-0.3285497633603992,-0.9444866610999996
1548,-0.36778339743614197,-0.8911833763122559,-0.3409992864232873,-0.9400635545849062
1549,-0.3746460974216461,-0.8901041150093079,-0.3073392290708804,-0.9516000201104016
1550,-0.38991016149520874,-0.8826789855957031,-0.3170426144234872,-0.948411292973423
1551,-0.3821864426136017,-0.8814256191253662,-0.3396736782234928,-0.9405433495177792
1552,-0.3579311668872833,-0.9275593757629395,-0.3299049255239119,-0.9440141630902908
1553,-0.3349371552467346,-0.917975127696991,-0.3214725259287992,-0.9469189062812916
1554,-0.3547632098197937,-0.905292272567749,-0.2978643248171272,-0.9546082149244458
1555,-0.37034323811531067,-0.8918977975845337,-0.297708714286947,-0.954656755822538
1556,-0.3707152307033539,-0.8880038261413574,-0.285418139347558,-0.9584030914658916
1557,-0.3643632233142853,-0.8944568634033203,-0.2387857950471764,-0.9710722651191764
1558,-0.3616912066936493,-0.9001016616821289,-0.2402033093643845,-0.9707226020704358
1559,-0.35219788551330566,-0.9021466970443726,-0.2262047966128153,-0.9740797657221686
1560,-0.34675538539886475,-0.9012668132781982,-0.2068124026636084,-0.9783806161737392
1561,-0.3349478840827942,-0.9034144878387451,-0.2274641158141317,-0.9737864632540828
1562,-0.31732243299484253,-0.9097692966461182,-0.2223073075304867,-0.9749766463964896
1563,-0.305886447429657,-0.9141631126403809,-0.1964698841045252,-0.9805098595322508
1564,-0.3057682514190674,-0.9155524373054504,-0.1822604776483615,-0.9832502826276692
1565,-0.31248044967651367,-0.9152454137802124,-0.18048692117073,-0.9835773844931118
1566,-0.32189321517944336,-0.9147717952728271,-0.195350196149792,-0.9807335524311576
1567,-0.20890861749649048,-0.9412615299224854,-0.1781522274438193,-0.98400293894724
1568,-0.17434833943843842,-0.9505668878555298,-0.1893026412602127,-0.9819187899271036
1569,-0.14920781552791595,-0.956601619720459,-0.1881981769907831,-0.9821310738273918
1570,-0.12402233481407166,-0.9643582701683044,-0.1977037351846347,-0.9802618186454288
1571,-0.1800282895565033,-0.9571982622146606,-0.1935039440192872,-0.9810994973237834
1572,-0.17953667044639587,-0.9428070187568665,-0.2139255073707152,-0.9768499768624568
1573,-0.1788114756345749,-0.933948278427124,-0.2434289460373673,-0.9699187327973084
1574,-0.16947418451309204,-0.9351770877838135,-0.2316116745060358,-0.9728083224523268
1575,-0.16115820407867432,-0.9388837814331055,-0.2060201045176489,-0.9785477589441084
1576,-0.15965107083320618,-0.9407282471656799,-0.2135619341833959,-0.9769295267663104
1577,-0.16399060189723969,-0.940967857837677,-0.2096599555981167,-0.9777743620174316
1578,-0.1661529541015625,-0.9420812129974365,-0.2094329031257631,-0.9778230203305271
1579,-0.16411256790161133,-0.950153112411499,-0.2150191769821737,-0.9766098266605292
1580,-0.15764467418193817,-0.9615343809127808,-0.1985884666205387,-0.9800829663479022
1581,-0.15041862428188324,-0.971461832523346,-0.1890132318708944,-0.9819745404936524
1582,-0.1445094347000122,-0.9736853837966919,-0.1832247207398057,-0.9830710562872962
1583,-0.14173854887485504,-0.9700663089752197,-0.2026459171832778,-0.9792520779906204
1584,-0.14085149765014648,-0.9673531651496887,-0.2101972427266582,-0.977658999421634
1585,-0.14150020480155945,-0.9679072499275208,-0.1946306090983238,-0.980876610997538
1586,-0.1453084647655487,-0.9671821594238281,-0.1769506958805644,-0.9842197169470768
1587,-0.1596180498600006,-0.9648686051368713,-0.1918334665283637,-0.981427491524316
1588,-0.17585261166095734,-0.9644052386283875,-0.2139322023268508,-0.9768485106748044
1589,-0.1895965039730072,-0.9642198085784912,-0.2164390763691992,-0.9762961262959348
1590,-0.1991039663553238,-0.9662787318229675,-0.2163174970024207,-0.9763230717803444
1591,-0.10277849435806274,-0.9690183401107788,-0.2194678435663517,-0.9756197341384272
1592,-0.13611695170402527,-0.9375020265579224,-0.2180613071524929,-0.9759350728009246
1593,-0.18929092586040497,-0.9980388879776001,-0.2264498474541162,-0.9740228265230788
1594,-0.16097305715084076,-0.9672999978065491,-0.2312650029858757,-0.9728907946907212
1595,-0.16542303562164307,-0.9739698171615601,-0.2293530660173468,-0.9733432956097466
1596,-0.16312915086746216,-0.9668060541152954,-0.1893398229114039,-0.9819116210025616
1597,-0.17464576661586761,-0.9617909789085388,-0.1727049588261902,-0.9849736022842662
1598,-0.1852302849292755,-0.9587817192077637,-0.145968948567276,-0.9892891721100378
1599,-0.19501523673534393,-0.955308198928833,-0.1545047499463031,-0.9879920456380356
1600,-0.1966513693332672,-0.9512121677398682,-0.1430142745934585,-0.9897206258649492
1601,-0.19148950278759003,-0.950485110282898,-0.1338134414549162,-0.9910065402841656
1602,-0.18483303487300873,-0.9519212245941162,-0.1324994910259875,-0.9911830733410728
1603,-0.17508824169635773,-0.9526952505111694,-0.146782051388446,-0.9891688578752365
1604,-0.1660315990447998,-0.9532971382141113,-0.1600867217060705,-0.987102953867226
1605,-0.15562161803245544,-0.9597629904747009,-0.156783520316668,-0.987632992440569
1606,-0.15094327926635742,-0.9667283296585083,-0.1035481687680141,-0.9946244400500076
1607,-0.15326860547065735,-0.9665530920028687,-0.1007277136127598,-0.994914030311336
1608,-0.16564789414405823,-0.9677039980888367,-0.1329145153644099,-0.9911275052209196
1609,-0.18370117247104645,-0.9685102701187134,-0.1121448597725065,-0.99369186895466
1610,-0.09996317327022552,-0.9742397665977478,-0.1299519949558359,-0.9915202867349706
1611,-0.08684256672859192,-0.9765400886535645,-0.1161392505414064,-0.9932329406960284
1612,-0.07146747410297394,-0.9748328924179077,-0.1222645647463303,-0.9924975446858246
1613,-0.04957261681556702,-0.9787283539772034,-0.1267408033621214,-0.9919358692794228
1614,-0.09921007603406906,-0.9830141663551331,-0.1369872963155212,-0.9905728043148386
1615,-0.09166941046714783,-0.963840126991272,-0.1594379862491945,-0.9872079459469528
1616,-0.09467960894107819,-0.957302987575531,-0.151583613760412,-0.9884444385190976
1617,-0.10269680619239807,-0.9564965963363647,-0.1429426336452979,-0.9897309753092232
1618,-0.11253540217876434,-0.9597655534744263,-0.124677998178647,-0.99219725698581
1619,-0.11818960309028625,-0.9655923843383789,-0.110462843725731,-0.993880254435123
1620,-0.13997089862823486,-0.96889328956604,-0.0964666925742573,-0.9953362131580382
1621,-0.1419120877981186,-0.969983696937561,-0.0922972692449888,-0.9957314969859686
1622,-0.14229246973991394,-0.9682414531707764,-0.0978080523964114,-0.9952052978588994
1623,-0.14067032933235168,-0.9637641310691833,-0.0862764949926565,-0.9962712313480612
1624,-0.1388305276632309,-0.9627296924591064,-0.0829877830144163,-0.9965505646330004
1625,-0.13687455654144287,-0.9618399739265442,-0.0723088547398407,-0.9973822885565056
1626,-0.12771934270858765,-0.9620810747146606,-0.0931366228200168,-0.9956533380096116
1627,-0.12004417181015015,-0.9628462791442871,-0.1245803552080661,-0.9922095217726103
1628,-0.13346076011657715,-0.9657749533653259,-0.1257431882387649,-0.9920628259397438
1629,-0.14503058791160583,-0.9671676158905029,-0.1188473029107394,-0.992912543274
1630,-0.15555958449840546,-0.9675921201705933,-0.1189932183256421,-0.992895066959498
1631,-0.1543826013803482,-0.969319224357605,-0.1005797289912401,-0.9949290015453608
1632,-0.1625346541404724,-0.9688872694969177,-0.0909988256827297,-0.9958509997606892
1633,-0.17436419427394867,-0.9694759845733643,-0.0993392589706369,-0.9950536224883384
1634,-0.18872669339179993,-0.9693514108657837,-0.1167121617632907,-0.993165782383052
1635,-0.10174302756786346,-0.9747730493545532,-0.1174344056050828,-0.9930806414285704
1636,-0.08926686644554138,-0.9767833948135376,-0.1067140794029532,-0.9942897491461832
1637,-0.08009982109069824,-0.9759881496429443,-0.1175630409549971,-0.9930654215112988
1638,-0.07314372807741165,-0.9766197204589844,-0.1315612363025476,-0.9913080455148868
1639,-0.14299528300762177,-0.9826760292053223,-0.1583937564359187,-0.9873760266089708
1640,-0.1448763608932495,-0.9585294127464294,-0.1793284597057167,-0.983789257686612
1641,-0.15163715183734894,-0.9553560018539429,-0.1840034991254491,-0.982925588388862
1642,-0.15904387831687927,-0.9522027373313904,-0.1786893885809737,-0.9839055353074084
1643,-0.1675156205892563,-0.9502261281013489,-0.1903079009116311,-0.9817244536277012
1644,-0.1906389743089676,-0.9475198984146118,-0.1951085100387894,-0.9807816624052692
1645,-0.19202177226543427,-0.9482564926147461,-0.1975477344276386,-0.9802932686816264
1646,-0.19567199051380157,-0.9486379623413086,-0.213617122797749,-0.9769174606114948
1647,-0.20703639090061188,-0.9492666125297546,-0.2039463156878862,-0.9789820735423796
1648,-0.237418070435524,-0.945956826210022,-0.2062608260048157,-0.9784970473413864
1649,-0.26030489802360535,-0.9423835277557373,-0.1982510122806308,-0.9801512822670312
1650,-0.23197174072265625,-0.9500160217285156,-0.206906337051233,-0.9783607553903834
1651,-0.14930418133735657,-0.967104971408844,-0.2241205135398476,-0.974561437473613
1652,-0.1419239491224289,-0.9702061414718628,-0.2293520317288002,-0.973343539323024
1653,-0.12792670726776123,-0.9737665057182312,-0.2321730298178498,-0.9726745006553836
1654,-0.12157969176769257,-0.9753114581108093,-0.2367401302487527,-0.9715730084403352
1655,-0.12009777128696442,-0.9779936075210571,-0.2482618172678417,-0.9686929699790686
1656,-0.12108971178531647,-0.9787032604217529,-0.2607955247877295,-0.9653940616404748
1657,-0.11834350228309631,-0.977468729019165,-0.2673767969267049,-0.9635920550031614
1658,-0.12425322830677032,-0.9729622006416321,-0.2543464415990353,-0.967113172098234
1659,-0.1989506632089615,-0.9387469291687012,-0.2816049680347919,-0.9595304278542311
1660,-0.2171059101819992,-0.9367940425872803,-0.2728359179630009,-0.9620605811846188
1661,-0.21495556831359863,-0.9322422742843628,-0.2678779193946962,-0.9634528635593796
1662,-0.21932543814182281,-0.9297080636024475,-0.2692230058085497,-0.9630778645277908
1663,-0.16267451643943787,-0.9137399792671204,-0.2779052893734111,-0.9606084791101318
1664,-0.26376593112945557,-0.9158602356910706,-0.2556559065920233,-0.9667678404997814
1665,-0.277464896440506,-0.8931007385253906,-0.2978200247962172,-0.9546220366356416
1666,-0.2810180187225342,-0.950093150138855,-0.309370756189163,-0.9509414993652056
1667,-0.2731456160545349,-0.929953932762146,-0.3238409039224429,-0.9461115520628078
1668,-0.2880313992500305,-0.918354868888855,-0.2994427661797707,-0.954114264531564
1669,-0.3048207461833954,-0.9103182554244995,-0.3298355646945686,-0.9440383997818176
1670,-0.31307166814804077,-0.9102475643157959,-0.3311874251652554,-0.9435649895012046
1671,-0.3134179711341858,-0.9182718992233276,-0.3127720157828392,-0.949828229809548
1672,-0.31132280826568604,-0.921932578086853,-0.2830972729678477,-0.9590912021482462
1673,-0.31181734800338745,-0.9224860668182373,-0.2961870744921593,-0.9551299476530803
1674,-0.31367161870002747,-0.9219904541969299,-0.297744460229676,-0.9546456077532326
1675,-0.3148741126060486,-0.924268364906311,-0.3110575372325325,-0.9503910818872574
1676,-0.3102717101573944,-0.9288066625595093,-0.2974649915666917,-0.9547327263649382
1677,-0.30681049823760986,-0.9327232837677002,-0.2959898267906414,-0.9551910921048448
1678,-0.3015251159667969,-0.9381675720214844,-0.3175800134939691,-0.9482314775565988
1679,-0.2926637530326843,-0.9444361925125122,-0.3271888788933911,-0.9449589607641624
1680,-0.2930777966976166,-0.9460091590881348,-0.3428336772389285,-0.9393961197231092
1681,-0.300548255443573,-0.9414997100830078,-0.3522167784486962,-0.9359184478250346
1682,-0.3703553080558777,-0.9039525389671326,-0.3588722759245226,-0.9333866774133608
1683,-0.3721054792404175,-0.8995363712310791,-0.346187075709284,-0.9381655017169702
1684,-0.38681715726852417,-0.8922939300537109,-0.3321790031460047,-0.9432163642923752
1685,-0.41727739572525024,-0.8703315258026123,-0.3495716124059583,-0.936909647618114
1686,-0.4537349343299866,-0.8505915403366089,-0.3940836440776589,-0.9190745788402992
1687,-0.4909888505935669,-0.8287944197654724,-0.4117034585101669,-0.9113178711354052
1688,-0.4850873053073883,-0.856620728969574,-0.4185195679638931,-0.908207779768108
1689,-0.4990587532520294,-0.8409557342529297,-0.4204680759061766,-0.9073073333461809
1690,-0.4794308543205261,-0.8530135154724121,-0.4220905655057813,-0.9065536688530964
1691,-0.517933189868927,-0.8360264301300049,-0.4345622893932995,-0.9006417804195262
1692,-0.5012853741645813,-0.8459633588790894,-0.4224577730871316,-0.906382606826864
1693,-0.4901575446128845,-0.8545366525650024,-0.4062689729896381,-0.9137535343767184
1694,-0.4803394377231598,-0.8618899583816528,-0.3964007131046638,-0.9180775972923608
1695,-0.4671056568622589,-0.8679488897323608,-0.401128799976049,-0.9160216623146936
1696,-0.4341830015182495,-0.8833253979682922,-0.3938192947502616,-0.91918788236269
1697,-0.3763582706451416,-0.9064253568649292,-0.3737422726044125,-0.9275325943968163
1698,-0.3564490079879761,-0.9136310815811157,-0.3637770004277406,-0.9314860675070752
1699,-0.34173017740249634,-0.9208155870437622,-0.3435672078553197,-0.9391280922677692
1700,-0.3271065950393677,-0.9290872812271118,-0.3446206443024676,-0.9387420367281696
1701,-0.3149207830429077,-0.9337154030799866,-0.3387949823914634,-0.9408602233628371
1702,-0.30828821659088135,-0.9326856136322021,-0.3436315015245492,-0.9391045688100892
1703,-0.3013848662376404,-0.9368206858634949,-0.3629739784632082,-0.9317992761097158
1704,-0.30514654517173767,-0.930635929107666,-0.3626004214564439,-0.9319447056341964
1705,-0.37434589862823486,-0.8995745182037354,-0.3528862860148632,-0.9356662167368426
1706,-0.3702009320259094,-0.891887366771698,-0.3579797837055518,-0.9337293368306075
1707,-0.3520713448524475,-0.8999305367469788,-0.3620831293528836,-0.932145808035429
1708,-0.3446294069290161,-0.8969060778617859,-0.3655653752800981,-0.9307856661962092
1709,-0.35614004731178284,-0.8934301137924194,-0.33867826458282,-0.9409022441779854
1710,-0.3730469346046448,-0.8827412724494934,-0.3705103256348831,-0.9288283472191904
1711,-0.388016939163208,-0.8699597716331482,-0.3727730502540195,-0.9279225468778708
1712,-0.36534833908081055,-0.9182999134063721,-0.3883851317386489,-0.921497145651766
1713,-0.36391258239746094,-0.9080101251602173,-0.3920943326941824,-0.9199250155687168
1714,-0.3788726329803467,-0.8987295627593994,-0.3709017184760261,-0.9286721247197692
1715,-0.38714903593063354,-0.8895160555839539,-0.3697210582677863,-0.9291427979989664
1716,-0.3847396969795227,-0.8917261362075806,-0.38050387470997,-0.9247793257478778
1717,-0.37894973158836365,-0.9021198153495789,-0.3696554468475296,-0.9291689031688228
1718,-0.3708941340446472,-0.9064844250679016,-0.3645807408883082,-0.9311717797341864
1719,-0.3620625138282776,-0.9086886644363403,-0.3565025759519513,-0.9342943397771514
1720,-0.3479478359222412,-0.9124585390090942,-0.3413203256259714,-0.9399470385689722
1721,-0.331187903881073,-0.9186026453971863,-0.3339216286676746,-0.9426008412408338
1722,-0.31389474868774414,-0.9230268001556396,-0.3275592369328272,-0.9448306442426516
1723,-0.2988252639770508,-0.9280141592025757,-0.3214223309844478,-0.9469359456396848
1724,-0.28542056679725647,-0.9342522621154785,-0.307250964735297,-0.9516285224126216
1725,-0.27182263135910034,-0.9420279860496521,-0.3071222121903718,-0.951670082948546
1726,-0.26757150888442993,-0.9423248767852783,-0.3296466983983551,-0.944104366177312
1727,-0.26754358410835266,-0.942766547203064,-0.3339125518588833,-0.9426040567020112
1728,-0.27064386010169983,-0.939588189125061,-0.3118334961484614,-0.9501367641975692
1729,-0.27491283416748047,-0.9384274482727051,-0.3030524559537975,-0.9529738763158052
1730,-0.27678853273391724,-0.9390674829483032,-0.3167823681692641,-0.9484982505081772
1731,-0.3459686040878296,-0.9121142029762268,-0.3289816123007979,-0.944336327146196
1732,-0.26266971230506897,-0.8929253220558167,-0.3360974062621135,-0.9418272312392968
1733,-0.3515802025794983,-0.8940471410751343,-0.3198390312650803,-0.9474718961950348
1734,-0.34389424324035645,-0.8713734745979309,-0.341601804705143,-0.9398447781533872
1735,-0.3302658200263977,-0.9415515661239624,-0.3891986200588965,-0.9211538601907124
1736,-0.31203046441078186,-0.9268420338630676,-0.3793027082630077,-0.9252726384716818
1737,-0.31528764963150024,-0.9190621376037598,-0.3633640111671095,-0.9316472483663272
1738,-0.32934534549713135,-0.91172194480896,-0.3487977802185393,-0.9371980092353054
1739,-0.334617018699646,-0.9081822633743286,-0.3861801017085624,-0.9224234000958368
1740,-0.33663371205329895,-0.9096239805221558,-0.3762077305992263,-0.9265353438684246
1741,-0.33861732482910156,-0.9118136763572693,-0.3616726574736132,-0.9323051479188424
1742,-0.344066321849823,-0.9130802750587463,-0.3363917566584219,-0.9417221384528778
1743,-0.35009121894836426,-0.912569522857666,-0.3341569557968453,-0.9425174422219386
1744,-0.3514440953731537,-0.9126006960868835,-0.33282762055847,-0.9429876854940296
1745,-0.3452525734901428,-0.9145544767379761,-0.3347856100991125,-0.9422943251821932
1746,-0.33572494983673096,-0.9170829653739929,-0.3307496870832961,-0.9437185197368448
1747,-0.3280646800994873,-0.9183273315429688,-0.3179852507070732,-0.9480956599060876
1748,-0.31987276673316956,-0.9212827682495117,-0.3140727562357751,-0.9493989170999004
1749,-0.31165316700935364,-0.9258893132209778,-0.3069685606632767,-0.9517196555521568
1750,-0.30690696835517883,-0.9271373748779297,-0.3264052819817638,-0.9452299148325792
1751,-0.3019454777240753,-0.9297986030578613,-0.3177997978530529,-0.9481578394363244
1752,-0.2963283956050873,-0.9323450326919556,-0.3088673156618001,-0.951105136836025
1753,-0.3605572283267975,-0.8999049663543701,-0.3041887130698471,-0.9526117923062416
1754,-0.3574727177619934,-0.8902708292007446,-0.3143286632414336,-0.949314221669966
1755,-0.2808624505996704,-0.8771196603775024,-0.3154689644111098,-0.9489358948281924
1756,-0.38821932673454285,-0.8647454977035522,-0.3118778626715583,-0.9501222020221508
1757,-0.4100590944290161,-0.8359679579734802,-0.3089685377876549,-0.9510722594300384
1758,-0.421991765499115,-0.8491628170013428,-0.3198881400441795,-0.9474553170778428
1759,-0.4096168875694275,-0.8937515020370483,-0.3480203211462979,-0.9374869898133136
1760,-0.40217849612236023,-0.8796396255493164,-0.3315751897229704,-0.9434287962322202
1761,-0.4047664999961853,-0.8801965713500977,-0.3420276457935985,-0.939689890076981
1762,-0.3901895582675934,-0.8845727443695068,-0.3390587427495665,-0.940765203951062
1763,-0.44728684425354004,-0.8624005317687988,-0.3272949567177186,-0.9449222250043368
1764,-0.44049209356307983,-0.8679325580596924,-0.3138526655252397,-0.949471697494297
1765,-0.44510751962661743,-0.8722373247146606,-0.3203643814534596,-0.947294390934488
1766,-0.44248712062835693,-0.8761047720909119,-0.3177429460354609,-0.9481768929080197
1767,-0.43833237886428833,-0.8786323070526123,-0.3345435988574392,-0.9423802738085686
1768,-0.42954397201538086,-0.8820969462394714,-0.3424198525740914,-0.939547042229998
1769,-0.4168618321418762,-0.8865212798118591,-0.327659420332602,-0.9447959061444452
1770,-0.4040638506412506,-0.8919562697410583,-0.3350535073558009,-0.9421991016810491
1771,-0.3905585706233978,-0.8970497250556946,-0.3279721706099597,-0.9446873849614968
1772,-0.3813585042953491,-0.9006800651550293,-0.3255381218089542,-0.9455289161358834
1773,-0.36755549907684326,-0.9061664342880249,-0.3240991939307271,-0.9460231035727684
1774,-0.3611343801021576,-0.9092259407043457,-0.3025948244970518,-0.9531192853927564
1775,-0.3561823070049286,-0.9131173491477966,-0.307496210104803,-0.9515493054861544
1776,-0.42301511764526367,-0.8851231336593628,-0.3111570284446883,-0.9503585132198644
1777,-0.4136646091938019,-0.8739303350448608,-0.3194202861889278,-0.9476131493235956
1778,-0.4045734703540802,-0.8806363940238953,-0.3035127033328604,-0.9528273919842876
1779,-0.41295552253723145,-0.8695261478424072,-0.3190299598509423,-0.9477446305400554
1780,-0.4352899491786957,-0.8576919436454773,-0.3533660239322695,-0.9354851431905792
1781,-0.3991340398788452,-0.9076498746871948,-0.3625525944135809,-0.9319633127349926
1782,-0.38181036710739136,-0.89878249168396,-0.3707552919529897,-0.9287305925233934
1783,-0.370471715927124,-0.9010140299797058,-0.3716838170155292,-0.9283593809343268
1784,-0.3573044240474701,-0.9066886305809021,-0.3654534721139403,-0.9308296083171536
1785,-0.3519399166107178,-0.9020076990127563,-0.3824994689400406,-0.923955711200806
1786,-0.3501134514808655,-0.9003735780715942,-0.3925257159496645,-0.9197410300286724
1787,-0.36555397510528564,-0.8948637843132019,-0.4009589624237627,-0.9160960159568754
1788,-0.3705909550189972,-0.8970627188682556,-0.3954280913669994,-0.918496937696502
1789,-0.37852004170417786,-0.8971900343894958,-0.362858619242291,-0.931844205026558
1790,-0.3834726810455322,-0.8962103128433228,-0.3487914328329172,-0.9372003715227392
1791,-0.3831873834133148,-0.8931915163993835,-0.3455685938720941,-0.9383934925868058
1792,-0.3780372738838196,-0.893477201461792,-0.3326522417273702,-0.9430495671351296
1793,-0.36127743124961853,-0.8987960815429688,-0.3124652273708314,-0.9499291982480036
1794,-0.3385370969772339,-0.9071886539459229,-0.2979680046039066,-0.9545758577673994
1795,-0.3221296966075897,-0.9136457443237305,-0.308904782699556,-0.951092968760331
1796,-0.3061327338218689,-0.9238818883895874,-0.3176845107066807,-0.9481964731304672
1797,-0.2974585294723511,-0.9291985034942627,-0.3336549253174643,-0.9426952799348246
1798,-0.29795175790786743,-0.9315884113311768,-0.3245496772390912,-0.9458686520886512
1799,-0.3730619251728058,-0.9001460671424866,-0.329709812725268,-0.944082326596928
1800,-0.3693207800388336,-0.8875598311424255,-0.3563327629004907,-0.9343591183713588
1801,-0.35763201117515564,-0.8865231275558472,-0.3327718428052656,-0.943007370403852
1802,-0.366080641746521,-0.8744043111801147,-0.3306620617891028,-0.9437492256385588
1803,-0.3924221396446228,-0.861068606376648,-0.3265487645671399,-0.9451803554664446
1804,-0.4014381170272827,-0.852928102016449,-0.349189295022972,-0.9370522057182086
1805,-0.424895703792572,-0.8398619294166565,-0.3592749993560189,-0.933231736943045
1806,-0.4156329035758972,-0.8724937438964844,-0.3613956617341197,-0.9324125565862772
1807,-0.4118554890155792,-0.8631215691566467,-0.3710411312025835,-0.928616432632929
1808,-0.41151052713394165,-0.8687458038330078,-0.3583520672784154,-0.9335865229732518
1809,-0.4166647791862488,-0.8669474124908447,-0.3639598512677999,-0.931414637347471
1810,-0.4232017993927002,-0.8617289662361145,-0.3473947953983513,-0.937718964365197
1811,-0.42499426007270813,-0.8643534183502197,-0.3461848014576473,-0.9381663409224024
1812,-0.4208800196647644,-0.8698220252990723,-0.3333783890217212,-0.9427931107794976
1813,-0.41708076000213623,-0.8761133551597595,-0.3436327269831058,-0.9391041203967504
1814,-0.4114834666252136,-0.8807981014251709,-0.3426293557156246,-0.9394706619165368
1815,-0.40297532081604004,-0.8838775753974915,-0.3182784325884619,-0.9479972781337676
1816,-0.3902190327644348,-0.8882882595062256,-0.3062730152467994,-0.951943716892776
1817,-0.3739546537399292,-0.8949404954910278,-0.3116206871993221,-0.9502065813860806
1818,-0.3571004271507263,-0.9018038511276245,-0.295190107875369,-0.9554385381658664
1819,-0.3422495424747467,-0.9091892242431641,-0.3079400195097506,-0.9514057727301924
1820,-0.3360989987850189,-0.9149903655052185,-0.3152142647461184,-0.9490205304947644
1821,-0.3333737850189209,-0.9178040623664856,-0.3278605335902303,-0.9447261351915324
1822,-0.33471083641052246,-0.9175615310668945,-0.3209206408565047,-0.9471060881824436
1823,-0.40608108043670654,-0.8861323595046997,-0.3066755341221725,-0.9518141188125336
1824,-0.4098181128501892,-0.8737316131591797,-0.2892641480931016,-0.9572493158148364
1825,-0.3287782669067383,-0.8704601526260376,-0.2932689636132335,-0.956029975984655
1826,-0.36378586292266846,-0.8513557314872742,-0.304547918869664,-0.9524970158022316
1827,-0.4368407726287842,-0.84247225522995,-0.2985752318681786,-0.954386101593513
1828,-0.43588778376579285,-0.8427293300628662,-0.3306424797587776,-0.9437560863798264
1829,-0.4577256143093109,-0.8545222878456116,-0.3080616245621996,-0.9513664044268636
1830,-0.41819316148757935,-0.9177324771881104,-0.3094023120791976,-0.9509312326767098
1831,-0.386276513338089,-0.9099172353744507,-0.3059459755123407,-0.9520488748314354
1832,-0.42911145091056824,-0.8808895349502563,-0.2948416924334804,-0.9555461142210568
1833,-0.4425583481788635,-0.8783124089241028,-0.2793923339281203,-0.9601770272935078
1834,-0.44661492109298706,-0.878908634185791,-0.288622155225928,-0.957443080038046
1835,-0.43634527921676636,-0.8889608383178711,-0.2694851416825997,-0.9630045474515212
1836,-0.4263635277748108,-0.8976200819015503,-0.2457513313313193,-0.9693329062550616
1837,-0.41980910301208496,-0.9020160436630249,-0.248735352082364,-0.9685714865844764
1838,-0.4135068953037262,-0.902440071105957,-0.2113651569880183,-0.9774071671577972
1839,-0.40490180253982544,-0.9023708701133728,-0.211973447976711,-0.9772754255341044
1840,-0.3961801528930664,-0.9036850929260254,-0.1975613914858077,-0.9802905164257132
1841,-0.38304227590560913,-0.9078186750411987,-0.1993944235098419,-0.9799193149811763
1842,-0.3676086664199829,-0.9115346670150757,-0.1934228764399589,-0.9811154829426004
1843,-0.3508386015892029,-0.916616678237915,-0.1808427792973546,-0.9835120178096496
1844,-0.3369491398334503,-0.9211923480033875,-0.1489813883396724,-0.9888400001660448
1845,-0.3256729543209076,-0.9255836009979248,-0.1336354713562804,-0.9910305549252176
1846,-0.3148702085018158,-0.930250346660614,-0.1413974929204521,-0.9899529024129434
1847,-0.21201393008232117,-0.950066864490509,-0.13118812347464,-0.9913574916543488
1848,-0.19447387754917145,-0.9580453634262085,-0.1175501855359665,-0.9930669433026456
1849,-0.1715894192457199,-0.9571059942245483,-0.1399210313904981,-0.9901626659163733
1850,-0.1554727405309677,-0.9663583040237427,-0.154730756033611,-0.9879566757390058
1851,-0.14759279787540436,-0.9692962169647217,-0.134264751557098,-0.9909454962253528
1852,-0.12385836243629456,-0.9718079566955566,-0.1150754588016806,-0.99335675302561
1853,-0.11486262083053589,-0.9728951454162598,-0.111642303670151,-0.9937484571214296
1854,-0.09644706547260284,-0.9730733633041382,-0.1393072220780899,-0.9902492099854894
1855,-0.1535436362028122,-0.9709292054176331,-0.1405140204802828,-0.9900786888164328
1856,-0.13508640229701996,-0.9623792171478271,-0.1467868915628299,-0.9891681396331576
1857,-0.12174443900585175,-0.9591953754425049,-0.1422682371652141,-0.9898281409890822
1858,-0.11072908341884613,-0.9639306664466858,-0.142056412827629,-0.9898585634193132
1859,-0.10383757948875427,-0.9659553170204163,-0.1436691808966439,-0.9896257709156968
1860,-0.10334154963493347,-0.9642573595046997,-0.1409788559975999,-0.9900126070720554
1861,-0.10049000382423401,-0.9614385366439819,-0.1650835294831631,-0.9862795893119668
1862,-0.09160876274108887,-0.9578214883804321,-0.1865420764049763,-0.98244697247766
1863,-0.08317588269710541,-0.9575273990631104,-0.1901782221003594,-0.9817495830601336
1864,-0.07667278498411179,-0.9571899175643921,-0.194424177925177,-0.9809175495616944
1865,-0.06995362043380737,-0.9592896699905396,-0.2008211147890329,-0.9796279292950412
1866,-0.061543598771095276,-0.9658690690994263,-0.201121216019203,-0.9795663614411008
1867,-0.05128196254372597,-0.9713555574417114,-0.2110051802341139,-0.9774849430627404
1868,-0.04041333124041557,-0.9768280386924744,-0.2114372946527785,-0.977391564537936
1869,-0.03205632045865059,-0.9789021015167236,-0.215771002359135,-0.976443994574668
1870,-0.02900705486536026,-0.9836428761482239,-0.2139493611303922,-0.9768447526971196
1871,-0.029823996126651764,-0.9846031069755554,-0.1827140325162937,-0.9831661010844682
1872,-0.03820725530385971,-0.9828004240989685,-0.1877277096242069,-0.9822211090377
1873,-0.05412327125668526,-0.9821352958679199,-0.1898081877506586,-0.9818211913901688
1874,-0.07995563000440598,-0.9782685041427612,-0.2194695928295764,-0.9756193406361008
1875,-0.09097865223884583,-0.9725491404533386,-0.2105341609249983,-0.9775865010747676
1876,-0.15803998708724976,-0.9382388591766357,-0.1959264368758198,-0.980618596261128
1877,-0.16329894959926605,-0.9697315692901611,-0.1962785994040562,-0.9805481688402574
1878,-0.1290503442287445,-0.9592070579528809,-0.1914730860220019,-0.9814978641490826
1879,-0.10937251150608063,-0.9612542986869812,-0.182083154776892,-0.9832831355954876
1880,-0.0967300608754158,-0.9685416221618652,-0.2181607729335599,-0.9759128430106
1881,-0.08512724936008453,-0.9671182632446289,-0.2193672545810263,-0.975642356408117
1882,-0.0798620730638504,-0.9680889844894409,-0.2022019120081169,-0.9793438552317882
1883,-0.07955402135848999,-0.9684466123580933,-0.2008767303630138,-0.9796165266055208
1884,-0.08214209228754044,-0.9690831899642944,-0.200557499689221,-0.9796819327304184
1885,-0.08719132840633392,-0.9672950506210327,-0.1977480805783304,-0.9802528738175604
1886,-0.09492622315883636,-0.9644848108291626,-0.200511839493139,-0.9796912790379824
1887,-0.10042399168014526,-0.9614613056182861,-0.1944279467091396,-0.980916802556908
1888,-0.10599963366985321,-0.9620092511177063,-0.1929946888487062,-0.981199801302564
1889,-0.1070699393749237,-0.962185263633728,-0.1803376920578519,-0.98360475640536
1890,-0.10182320326566696,-0.9609684348106384,-0.1885027358947438,-0.9820726646028778
1891,-0.08662647008895874,-0.963813841342926,-0.1890373506193701,-0.981969897741682
1892,-0.06393729895353317,-0.9696173667907715,-0.1835003103065503,-0.9830196519487288
1893,-0.0401068776845932,-0.9742157459259033,-0.1883634484392273,-0.9820993897218766
1894,-0.02036612294614315,-0.9769595265388489,-0.1739550893646291,-0.9847535868856452
1895,-0.010282855480909348,-0.9774910807609558,-0.1410311282222223,-0.9900051620432933
1896,-0.013481490314006805,-0.9764434099197388,-0.1297772551722475,-0.9915431730590238
1897,-0.03525538742542267,-0.9757225513458252,-0.1244137652433819,-0.9922304243561396
1898,-0.04225390404462814,-0.9717739820480347,-0.1379431726927271,-0.9904401451412722
1899,0.0352783240377903,-0.9782983660697937,-0.14308351743969,-0.9897106178257794
1900,-0.020541762933135033,-0.9824644923210144,-0.1443225010506789,-0.9895307047739736
1901,-0.015527656301856041,-0.9695245027542114,-0.1378069507461624,-0.990459107851528
1902,-0.027741122990846634,-0.9681587219238281,-0.1300126854805116,-0.9915123305406472
1903,-0.0431528314948082,-0.9661529660224915,-0.1412671134947532,-0.9899715160775387
1904,-0.05550718307495117,-0.964738130569458,-0.1347081325349724,-0.99088532082625
1905,-0.08479876071214676,-0.9645181894302368,-0.1300443569923605,-0.9915081770789606
1906,-0.0952933207154274,-0.9658956527709961,-0.1344717970796716,-0.9909174212769516
1907,-0.11187148094177246,-0.9659121036529541,-0.1198163753993666,-0.992796069787828
1908,-0.13625513017177582,-0.9641395807266235,-0.1186292730704766,-0.992938616214905
1909,-0.15552501380443573,-0.9600371718406677,-0.1207080975213136,-0.9926880452552982
1910,-0.16910110414028168,-0.9555057883262634,-0.12784812327777,-0.9917937574790194
1911,-0.17792904376983643,-0.9518640041351318,-0.1240936975395381,-0.992270504565648
1912,-0.18565456569194794,-0.9494935274124146,-0.1197838248998663,-0.9927999976291086
1913,-0.19040840864181519,-0.9476456642150879,-0.1170652974101916,-0.9931242198951062
1914,-0.19926677644252777,-0.9456855058670044,-0.1194944739396962,-0.9928348657747044
1915,-0.2219289243221283,-0.941442608833313,-0.1208266976089319,-0.9926736166257868
1916,-0.24922065436840057,-0.9359183311462402,-0.1245080215619436,-0.9922186011997208
1917,-0.2790367007255554,-0.9295042157173157,-0.1273564792653586,-0.991857009446993
1918,-0.29814738035202026,-0.9243764877319336,-0.1279642691902889,-0.9917787786651796
1919,-0.3079620599746704,-0.9213838577270508,-0.1247231906795921,-0.99219157711941
1920,-0.3150058388710022,-0.9190849661827087,-0.1236343764940222,-0.9923278394507202
1921,-0.3130907118320465,-0.9196393489837646,-0.123490725673602,-0.9923457263840092
1922,-0.34510666131973267,-0.9085385799407959,-0.1238624883339597,-0.9922993923124812
1923,-0.34833306074142456,-0.9077925086021423,-0.1258536789226264,-0.9920488150800042
1924,-0.3742154836654663,-0.898261308670044,-0.1278234224660296,-0.9917969412480918
1925,-0.37913352251052856,-0.8962811231613159,-0.1282910058448265,-0.991736566745082
1926,-0.36050641536712646,-0.9041102528572083,-0.1307479750149376,-0.9914156378782276
1927,-0.37044644355773926,-0.9006646871566772,-0.1305368880227274,-0.9914434531859808
1928,-0.36420613527297974,-0.9042255878448486,-0.1303691643689674,-0.9914655218320692
1929,-0.3302808403968811,-0.9182350635528564,-0.1312361750782281,-0.9913511317141048
1930,-0.31993481516838074,-0.9226531982421875,-0.1341216727744464,-0.99096487167416
1931,-0.30448275804519653,-0.9278989434242249,-0.1340350941325255,-0.9909765857682435
1932,-0.2857469916343689,-0.9328757524490356,-0.1339653364793733,-0.9909860183786492
1933,-0.26691579818725586,-0.9373065829277039,-0.1335303980890014,-0.9910447178539388
1934,-0.24780111014842987,-0.9423300623893738,-0.1314220200167912,-0.9913265116270754
1935,-0.23352058231830597,-0.945568859577179,-0.1356426685190723,-0.9907578243329824
1936,-0.22353313863277435,-0.9469009637832642,-0.1359810697657131,-0.990711435618552
1937,-0.21949999034404755,-0.9471917152404785,-0.1398625836968312,-0.9901709234680884
1938,-0.21932938694953918,-0.9449895024299622,-0.137345241986999,-0.9905232377403028
1939,-0.22242647409439087,-0.943207859992981,-0.1387622282904627,-0.9903257262132824
1940,-0.22645962238311768,-0.9409549236297607,-0.1412087583554421,-0.9899798414936106
1941,-0.23218278586864471,-0.9389978051185608,-0.1422479005016964,-0.9898310637693988
1942,-0.23807384073734283,-0.9373558759689331,-0.1427290175547409,-0.9897618034395238
1943,-0.23912884294986725,-0.9368499517440796,-0.1432945451763065,-0.989680086352512
1944,-0.23094132542610168,-0.93901526927948,-0.1394535626737935,-0.9902286119162516
1945,-0.21624378859996796,-0.9437723159790039,-0.139225679076104,-0.9902606779458616
1946,-0.2874900996685028,-0.9259196519851685,-0.1402734198483711,-0.9901128055348252
1947,-0.3040022552013397,-0.922451376914978,-0.1407459054318915,-0.9900457515206844
1948,-0.3239929676055908,-0.9181737899780273,-0.1421454474939356,-0.9898457818047964
1949,-0.34634989500045776,-0.9130220413208008,-0.1433249258864173,-0.9896756870913082
1950,-0.36959025263786316,-0.9063682556152344,-0.1409093696536727,-0.9900224995139276
1951,-0.3856411576271057,-0.9007118940353394,-0.1400770937488864,-0.9901406000194446
1952,-0.38309425115585327,-0.9012914299964905,-0.1396600552566761,-0.9901995096775712
1953,-0.24384933710098267,-0.9362342357635498,-0.1407940741440554,-0.9900389026123764
1954,-0.42161452770233154,-0.8826017379760742,-0.1400965637594192,-0.990137845364373
1955,-0.4209054410457611,-0.8827624320983887,-0.1422172806015135,-0.9898354636495452
1956,-0.4191415309906006,-0.8835325241088867,-0.1399497249324734,-0.9901586107747208
1957,-0.4156440198421478,-0.8848171234130859,-0.1391928639991193,-0.9902652910264615
1958,-0.4137221574783325,-0.8855229616165161,-0.1352568897374561,-0.9908105640224824
1959,-0.41113516688346863,-0.8862322568893433,-0.135127945076723,-0.990828157885787
1960,-0.4085202217102051,-0.887235164642334,-0.1373104027639481,-0.9905280678975242
1961,-0.40335285663604736,-0.889301061630249,-0.1366629059769698,-0.9906176104481133
1962,-0.39854997396469116,-0.8909775018692017,-0.1367610586782075,-0.9906040646137164
1963,-0.396350622177124,-0.8920339345932007,-0.135794313553668,-0.990737051092008
1964,-0.3995797634124756,-0.891621470451355,-0.1346729125745266,-0.9908901082454572
1965,-0.40793082118034363,-0.8893965482711792,-0.1400848448922954,-0.9901395034193422
1966,-0.4190438985824585,-0.8857399225234985,-0.1393860429049145,-0.9902381183550294
1967,-0.42900940775871277,-0.8821476697921753,-0.1440818346837224,-0.989565775941232
1968,-0.4390302002429962,-0.8781013488769531,-0.1425654739253865,-0.9897853735252052
1969,-0.44463884830474854,-0.8753910660743713,-0.1401195754960889,-0.9901345891154372
1970,-0.45416468381881714,-0.870587944984436,-0.1419016097683849,-0.9898807671356894
1971,-0.47430849075317383,-0.8587340712547302,-0.1436403688429745,-0.9896299532848905
1972,-0.4951269030570984,-0.8442383408546448,-0.1434928060771256,-0.9896513601284608
1973,-0.5057796835899353,-0.8365041017532349,-0.1439329805290192,-0.9895874378325712
1974,-0.5065017938613892,-0.8363927602767944,-0.146094370455994,-0.9892706580714232
1975,-0.5101866126060486,-0.8336313366889954,-0.1449266987936825,-0.989442394471131
1976,-0.49419209361076355,-0.842910647392273,-0.1450264021225079,-0.9894277854838122
1977,-0.4833272695541382,-0.8508599996566772,-0.1455328888061504,-0.9893534142437356
1978,-0.4685649871826172,-0.8611934185028076,-0.144713212801279,-0.9894736409024404
1979,-0.45339351892471313,-0.8704602122306824,-0.1465389597826141,-0.9892048995358996
1980,-0.45246177911758423,-0.8713545799255371,-0.1363285386832711,-0.990663681347249
1981,-0.4503020644187927,-0.8722542524337769,-0.1358061909504766,-0.9907354230567932
1982,-0.44659483432769775,-0.8735513091087341,-0.1360028239071325,-0.9907084494891952
1983,-0.44239363074302673,-0.8747633099555969,-0.1387852962847576,-0.9903224937035168
1984,-0.43348589539527893,-0.8777855038642883,-0.1404095457005921,-0.9900935104706794
1985,-0.42046934366226196,-0.8821605443954468,-0.1415938972264375,-0.989924829604869
1986,-0.4019327163696289,-0.8881276845932007,-0.140554216472238,-0.9900729832855129
1987,-0.34085702896118164,-0.905807614326477,-0.1395765713099054,-0.9902112808594794
1988,-0.20281781256198883,-0.9368682503700256,-0.1376725103622958,-0.990477803835373
1989,-0.17178593575954437,-0.9425219297409058,-0.1368464897373664,-0.9905922663975129
1990,-0.1386365443468094,-0.9479986429214478,-0.1383125600831407,-0.9903886286318354
1991,-0.12422749400138855,-0.9502768516540527,-0.1373102129174703,-0.9905280942146764
1992,-0.1730925291776657,-0.9428472518920898,-0.1400636035997883,-0.9901425084030284
1993,-0.29545849561691284,-0.9181681871414185,-0.140673670285949,-0.9900560178536768
1994,-0.39459139108657837,-0.8908102512359619,-0.1374079622814236,-0.9905145389653132
1995,-0.4205399751663208,-0.8822276592254639,-0.1413894976275365,-0.9899540443680368
1996,-0.4149184823036194,-0.8839771747589111,-0.1436423615993876,-0.9896296640431465
1997,-0.4251749515533447,-0.8799432516098022,-0.145678070197092,-0.9893320473246842
1998,-0.46707314252853394,-0.8612650632858276,-0.1444001601775534,-0.9895193751214256
1999,-0.5279840230941772,-0.8211720585823059,-0.1425482340759583,-0.9897878565439292
2000,-0.5284036993980408,-0.8209947347640991,-0.1446570475089584,-0.9894818536011618
2001,-0.5293662548065186,-0.8202258348464966,-0.1454937411162922,-0.9893591720381356
2002,-0.5302416682243347,-0.8193848133087158,-0.1446120984620779,-0.9894884238728588
2003,-0.5300442576408386,-0.8197191953659058,-0.1463171564059984,-0.989237731660728
2004,-0.5307366847991943,-0.81900954246521,-0.1486819622901875,-0.9888850661677216
2005,-0.5307437181472778,-0.8190585374832153,-0.1475589008585182,-0.989053269939201
2006,-0.5306749939918518,-0.8192123770713806,-0.1475968083624385,-0.989047613697754
2007,-0.5294737815856934,-0.8202778100967407,-0.1458202783816343,-0.989311096881412
2008,-0.5285563468933105,-0.8208211064338684,-0.146008719550968,-0.9892833031114427
2009,-0.5286255478858948,-0.8205462694168091,-0.1466903985524945,-0.9891824538337254
2010,-0.5288654565811157,-0.820147693157196,-0.1450488893139882,-0.989424489139408
2011,-0.5287590026855469,-0.8200284838676453,-0.1440490757222316,-0.9895705451273148
2012,-0.5282910466194153,-0.8204091787338257,-0.138966261076275,-0.9902971161638716
2013,-0.5279282331466675,-0.8206017017364502,-0.1394597415743413,-0.9902277417241035
2014,-0.528076171875,-0.8205344676971436,-0.1407149494050099,-0.9900501517670434
2015,-0.5280289053916931,-0.8204928636550903,-0.1419870162835389,-0.989868520161591
2016,-0.5279369950294495,-0.8206096887588501,-0.1427154451188419,-0.9897637605633632
2017,-0.528114914894104,-0.8207158446311951,-0.1411243009310369,-0.9899918846570036
2018,-0.5281197428703308,-0.8208231329917908,-0.1416469156651436,-0.98991724466369
2019,-0.5282856225967407,-0.8207703828811646,-0.141733367766998,-0.989904870409993
2020,-0.5288974642753601,-0.820545494556427,-0.1438375145570045,-0.9896013184136648
2021,-0.5291736125946045,-0.8203821182250977,-0.1434355582833889,-0.9896596589838006
2022,-0.5294973254203796,-0.8201091289520264,-0.140786114492485,-0.9900400345269422
2023,-0.5297936201095581,-0.8198271989822388,-0.138214242355666,-0.9904023542025984
2024,-0.5300294160842896,-0.8196167349815369,-0.1382073086211018,-0.990403321805673
2025,-0.5301236510276794,-0.8194499015808105,-0.1435184771015199,-0.9896476376622442
2026,-0.530038058757782,-0.8194883465766907,-0.1448147615786341,-0.9894587837949206
2027,-0.529988169670105,-0.819628119468689,-0.1485078919931637,-0.9889112225148154
2028,-0.5298824906349182,-0.8195728659629822,-0.1489853534766217,-0.9888394027593388
2029,-0.5300942063331604,-0.8195905685424805,-0.1496146326291565,-0.9887443864332393
2030,-0.5303143262863159,-0.8193141222000122,-0.1487136864502304,-0.9888802958206734
2031,-0.5306198000907898,-0.8189827799797058,-0.1483257073245178,-0.9889385645967506
2032,-0.5312039256095886,-0.8184832334518433,-0.1481097717856749,-0.9889709275310348
2033,-0.5316967964172363,-0.8180618286132812,-0.1495776179201994,-0.9887499867091372
2034,-0.5320085287094116,-0.817551851272583,-0.1508730832147647,-0.9885531410911964
2035,-0.5323256254196167,-0.8172452449798584,-0.1500109475121264,-0.9886843356837984
2036,-0.5320069193840027,-0.8175691366195679,-0.1484085992700028,-0.9889261285165418
2037,-0.5321728587150574,-0.8173078298568726,-0.1470731826871303,-0.9891256133243532
2038,-0.5320647358894348,-0.8173840045928955,-0.1467232319740278,-0.9891775842583048
2039,-0.5320642590522766,-0.8175026178359985,-0.144960194370463,-0.9894374876908988
2040,-0.5320090651512146,-0.8175311088562012,-0.1431202337189316,-0.9897053090189212
2041,-0.5319511294364929,-0.8175654411315918,-0.1425382977010928,-0.9897892875195582
2042,-0.5321729183197021,-0.8176427483558655,-0.1430617390380924,-0.9897137661078564
2043,-0.5322608947753906,-0.8175878524780273,-0.1366129967879899,-0.9906244945026368
2044,-0.5323368906974792,-0.8173657655715942,-0.1365087788452502,-0.9906388611891714
2045,-0.5324651002883911,-0.8172101974487305,-0.1385648789310606,-0.990353358315516
2046,-0.5325350165367126,-0.8169025778770447,-0.1384858067822269,-0.9903644184439764
2047,-0.5326045155525208,-0.8169772028923035,-0.13636764290633,-0.9906582992980836
2048,-0.5329445004463196,-0.8167160749435425,-0.138437156621215,-0.9903712201324476
2049,-0.5335001349449158,-0.8164242506027222,-0.1397036401293116,-0.9901933613868656
2050,-0.5340662598609924,-0.8160172700881958,-0.1396901425775305,-0.990195265625255
2051,-0.5345250964164734,-0.8157301545143127,-0.1407301276178058,-0.990047994382432
2052,-0.5347219109535217,-0.815334141254425,-0.1386651621825864,-0.990339322049204
2053,-0.5345184206962585,-0.8156132698059082,-0.1401743703007628,-0.9901268332445012
2054,-0.5344974994659424,-0.815613865852356,-0.1401575008681655,-0.9901292213395128
2055,-0.534488320350647,-0.8156260251998901,-0.1423342807829805,-0.9898186462751608
2056,-0.5344877243041992,-0.8154222965240479,-0.1437538022110214,-0.9896134822999708
2057,-0.5343977212905884,-0.8153553009033203,-0.1432129927656782,-0.989691890793846
2058,-0.5341630578041077,-0.8151301145553589,-0.1436820831888266,-0.9896238977361648
2059,-0.5341865420341492,-0.815224826335907,-0.1430879095527868,-0.9897099828433648
2060,-0.5337428450584412,-0.8154116868972778,-0.1424031305819596,-0.9898087433441156
2061,-0.5333985686302185,-0.8157413005828857,-0.1446497296947065,-0.989482923399514
2062,-0.5329659581184387,-0.8160516619682312,-0.1454911455005167,-0.9893595537421912
2063,-0.5325297117233276,-0.8163856863975525,-0.1448656407130419,-0.9894513359133938
2064,-0.5321177244186401,-0.8166844844818115,-0.1443242141730733,-0.989530454914514
2065,-0.5317959785461426,-0.8169409036636353,-0.1428663606557527,-0.9897419880923414
2066,-0.531344473361969,-0.8172229528427124,-0.1415838848533713,-0.9899262616729728
2067,-0.5311135053634644,-0.8173573017120361,-0.1428141502696172,-0.9897495231030764
2068,-0.5309858918190002,-0.8173297047615051,-0.1418774721828775,-0.9898842270119252
2069,-0.5308616161346436,-0.8174335956573486,-0.1449005740371004,-0.9894462206930292
2070,-0.5307980179786682,-0.8173955678939819,-0.145170491779637,-0.9894066546756488
2071,-0.5307772159576416,-0.8174514174461365,-0.1431745509850762,-0.9896974527350376
2072,-0.5307343006134033,-0.8173835277557373,-0.1426837791612741,-0.9897683260057664
2073,-0.5307992696762085,-0.8173869848251343,-0.1417603038858244,-0.9899010133554762
2074,-0.530971348285675,-0.8172720074653625,-0.1416617279058095,-0.9899151250722156
2075,-0.5310812592506409,-0.8171761631965637,-0.1428769331885969,-0.9897404619205084
2076,-0.5311851501464844,-0.817046582698822,-0.142929922788715,-0.9897328110008335
2077,-0.5311205983161926,-0.8170558214187622,-0.1407605209591715,-0.990043673652482
2078,-0.5310974717140198,-0.8170820474624634,-0.1403379649425767,-0.9901036590154468
2079,-0.5310580134391785,-0.8169836401939392,-0.1428383280310136,-0.9897460341144614
2080,-0.5309821963310242,-0.8168724775314331,-0.1413362823650138,-0.989961643341416
2081,-0.5309973955154419,-0.816901683807373,-0.1432606416164654,-0.9896849946137602
2082,-0.5308219194412231,-0.8168516159057617,-0.1420183880017512,-0.9898640196862316
2083,-0.5304031372070312,-0.8171470761299133,-0.14061046352647,-0.9900649966274292
2084,-0.5302242040634155,-0.8174512982368469,-0.1402518988069149,-0.9901158542721428
2085,-0.5299287438392639,-0.8176360130310059,-0.1455762825962535,-0.989347030088763
2086,-0.5297819375991821,-0.8178206086158752,-0.1468489079589747,-0.9891589347679456
2087,-0.5297589898109436,-0.8178203105926514,-0.1521267392120709,-0.9883609943824688
2088,-0.5297175049781799,-0.8178995847702026,-0.1502281336255416,-0.988651358097174
2089,-0.5294835567474365,-0.8179088830947876,-0.1459073181841782,-0.9892982636699112
2090,-0.5296886563301086,-0.8179817795753479,-0.1455634683761772,-0.9893489155370302
2091,-0.5297086238861084,-0.8178932666778564,-0.1481265257229398,-0.9889684182911258
2092,-0.5296931862831116,-0.8179352879524231,-0.1528353163686188,-0.9882516714230763
2093,-0.5297057032585144,-0.8179896473884583,-0.1538524175391623,-0.988093838467458
2094,-0.5296857357025146,-0.8179423213005066,-0.1527716982694889,-0.9882615080067908
2095,-0.5296695828437805,-0.8178935647010803,-0.1509408642176242,-0.988542793969607
2096,-0.5297846794128418,-0.8178966045379639,-0.1511417955249817,-0.98851209281702
2097,-0.529626727104187,-0.8179610967636108,-0.1495873074772915,-0.9887485208290804
2098,-0.5295944213867188,-0.8179045915603638,-0.148851718297749,-0.9888595279208304
2099,-0.5294395685195923,-0.8179776072502136,-0.1497894601817391,-0.988717916100676
2100,-0.5292804837226868,-0.8180378675460815,-0.1418579438740485,-0.9898870257558826
2101,-0.5293230414390564,-0.8178833723068237,-0.1405602143143647,-0.990072131792376
2102,-0.5293607115745544,-0.8178289532661438,-0.1383504692266845,-0.9903833336969864
2103,-0.5296910405158997,-0.8177896738052368,-0.1498017562928976,-0.988716053177839
2104,-0.5298120379447937,-0.8178555965423584,-0.1780929994807413,-0.9840136602384912
2105,-0.527969241142273,-0.8177403211593628,-0.1877940722715938,-0.9822084231056316
2106,-0.5265241861343384,-0.8184899091720581,-0.1940620843469828,-0.980989249390076
2107,-0.5251258611679077,-0.8188604116439819,-0.2020343753564873,-0.979378431033844
2108,-0.5215685367584229,-0.8195005059242249,-0.2223330705429488,-0.9749707717377708
2109,-0.5174726843833923,-0.8219761252403259,-0.2310470844823322,-0.9729425701202584
2110,-0.5134793519973755,-0.8240184187889099,-0.2498767528697714,-0.9682776504573776
2111,-0.5104531645774841,-0.8268686532974243,-0.2840598970286327,-0.9588065367424664
2112,-0.5130008459091187,-0.8267546892166138,-0.3241798494966613,-0.9459954678434364
2113,-0.5228599309921265,-0.8207801580429077,-0.3467493782165154,-0.9379578181914472
2114,-0.5390215516090393,-0.8103028535842896,-0.3707579482366854,-0.9287295321132646
2115,-0.5549464225769043,-0.7986134886741638,-0.4057544256249875,-0.9139821366338274
2116,-0.5672320127487183,-0.7912972569465637,-0.4211371295545458,-0.906996978005196
2117,-0.5780143737792969,-0.7869771718978882,-0.4426933150119196,-0.8966730891711635
2118,-0.5865103006362915,-0.7821425199508667,-0.4740923182464467,-0.8804751409209177
2119,-0.593718409538269,-0.7768959999084473,-0.4783350808027914,-0.8781774026205565
2120,-0.6072890758514404,-0.7698143124580383,-0.4955561421903966,-0.8685759091394208
2121,-0.6058080196380615,-0.7704578042030334,-0.5012029404990872,-0.8653297709168849
2122,-0.5989813804626465,-0.775317370891571,-0.5281952114093879,-0.8491229702723817
2123,-0.5967252254486084,-0.7807633876800537,-0.5287518658460092,-0.8487764513488602
2124,-0.5921589732170105,-0.7863250970840454,-0.5270746042554119,-0.8498190169377248
2125,-0.6547373533248901,-0.7601722478866577,-0.5296967523009036,-0.8481870964603713
2126,-0.6359415054321289,-0.7604622840881348,-0.5268599840552111,-0.8499520911212247
2127,-0.626245379447937,-0.7706927061080933,-0.5262134680459132,-0.8503525069329146
2128,-0.6158386468887329,-0.7766510248184204,-0.5216462321359574,-0.853161888798579
2129,-0.605614185333252,-0.779350996017456,-0.5165398726823632,-0.8562631370842073
2130,-0.5959367156028748,-0.7793489098548889,-0.5167091633942932,-0.8561609898052875
2131,-0.591637134552002,-0.7752265930175781,-0.5120326878059972,-0.8589659635970253
2132,-0.5924932360649109,-0.7698322534561157,-0.5045538642243811,-0.8633802164146714
2133,-0.5970934629440308,-0.7652407288551331,-0.5000614885342615,-0.8659899004520195
2134,-0.6068359613418579,-0.7577873468399048,-0.4865646455548535,-0.8736445762986683
2135,-0.6176387071609497,-0.7491534948348999,-0.4847445242682612,-0.8746557872625877
2136,-0.5975335836410522,-0.7871283292770386,-0.4856367220948163,-0.8741607255836893
2137,-0.5897438526153564,-0.784975528717041,-0.4745167272903655,-0.8802464856627608
2138,-0.5807849168777466,-0.7943135499954224,-0.4826557948625097,-0.87581012992865
2139,-0.5751024484634399,-0.7985296845436096,-0.4886037768277954,-0.8725057875278616
2140,-0.569355845451355,-0.7987361550331116,-0.4972648462772568,-0.8675987970582117
2141,-0.5635313987731934,-0.8004103899002075,-0.5022270758251576,-0.8647357771643958
2142,-0.559457540512085,-0.8016406297683716,-0.5129739357655737,-0.8584041829028893
2143,-0.5567604899406433,-0.8025730848312378,-0.5196614443748413,-0.854372274380585
2144,-0.5564757585525513,-0.8016029596328735,-0.5350621292748583,-0.8448127116798461
2145,-0.5584033131599426,-0.7990949153900146,-0.5416976964851391,-0.8405733790828105
2146,-0.5589919090270996,-0.795128345489502,-0.5656130350680874,-0.8246707794999569
2147,-0.5593887567520142,-0.7921606302261353,-0.5745654772579805,-0.8184586198112334
2148,-0.5596470236778259,-0.7917450666427612,-0.5544760111646991,-0.8321997074277812
2149,-0.5584381818771362,-0.7925588488578796,-0.5495852180011815,-0.8354376626383286
2150,-0.5580108165740967,-0.7924277782440186,-0.5274820448692826,-0.8495661789057519
2151,-0.5598117709159851,-0.7924004197120667,-0.5053682141621985,-0.8629038000348072
2152,-0.5601030588150024,-0.791663408279419,-0.4560685493694019,-0.8899446489957055
2153,-0.5607953667640686,-0.7919427752494812,-0.4317992040927888,-0.90196975966206
2154,-0.5621680617332458,-0.7922340631484985,-0.4307762205318599,-0.9024587790166853
2155,-0.5584427118301392,-0.79871666431427,-0.4270028780924026,-0.9042502651925542
2156,-0.5463057160377502,-0.8113150000572205,-0.4240060076640082,-0.9056593760707328
2157,-0.5364428162574768,-0.8240246772766113,-0.4172927388771597,-0.9087721221958772
2158,-0.5259422659873962,-0.8340426683425903,-0.4223315641269929,-0.9064414211310337
2159,-0.5157254338264465,-0.8422608971595764,-0.4124030063624646,-0.9110015150059856
2160,-0.503766655921936,-0.8520610928535461,-0.407100121396074,-0.9133835400089612
2161,-0.5608996152877808,-0.8367177248001099,-0.3970661423238292,-0.9177899970146072
2162,-0.5269244909286499,-0.8301529884338379,-0.3982586495572009,-0.9172731589078984
2163,-0.5056368112564087,-0.8376453518867493,-0.4097811091139922,-0.9121838864030138
2164,-0.49382105469703674,-0.8317652940750122,-0.4034516965146186,-0.9150009445784612
2165,-0.49265599250793457,-0.8278915882110596,-0.4047485931780491,-0.914428004995686
2166,-0.49994558095932007,-0.8217705488204956,-0.3983914002968596,-0.9172155102098456
2167,-0.5114157199859619,-0.8128982186317444,-0.3923473872693792,-0.9198171164437482
2168,-0.4981050193309784,-0.8589474558830261,-0.3889409741113279,-0.9212626762532669
2169,-0.4884932041168213,-0.8542064428329468,-0.3911923041681874,-0.9203089596214872
2170,-0.4881710708141327,-0.8514904975891113,-0.3650392549161641,-0.9309921279851144
2171,-0.487358033657074,-0.848843514919281,-0.3503293746300912,-0.9366265687408666
2172,-0.47637128829956055,-0.8469405174255371,-0.3417231238746291,-0.9398006738715208
2173,-0.46417462825775146,-0.8536823987960815,-0.3380400142994018,-0.9411317382452152
2174,-0.4546181857585907,-0.8611788749694824,-0.3327872381272734,-0.9430019375057622
2175,-0.4493979215621948,-0.8659635782241821,-0.3289946234573507,-0.9443317943054528
2176,-0.44930243492126465,-0.8651642799377441,-0.3345989605329219,-0.9423606186647911
2177,-0.44370222091674805,-0.8628075122833252,-0.3427929573335048,-0.9394109794986164
2178,-0.43857288360595703,-0.8645734786987305,-0.3424058307847734,-0.939552152381436
2179,-0.43460023403167725,-0.8677776455879211,-0.3340839129490442,-0.9425433354009012
2180,-0.42681556940078735,-0.8722991943359375,-0.3253927985305462,-0.945578937299504
2181,-0.4186902344226837,-0.8768904209136963,-0.3149632078456368,-0.9491038814079238
2182,-0.41005319356918335,-0.8791898488998413,-0.2791759599474666,-0.9602399613572696
2183,-0.40133899450302124,-0.8823138475418091,-0.2361252047413778,-0.9717226392782266
2184,-0.3925480246543884,-0.8867138624191284,-0.1906299561200355,-0.9816619682098688
2185,-0.3833608627319336,-0.8910755515098572,-0.1827795587696282,-0.9831539212635934
2186,-0.3763573467731476,-0.8959999084472656,-0.1403727416924562,-0.9900987291122756
2187,-0.37738168239593506,-0.8954095840454102,-0.1339137895082904,-0.9909929853331604
2188,-0.25322481989860535,-0.9231271743774414,-0.0899297189377197,-0.9959481139355516
2189,-0.2130786031484604,-0.9301642179489136,-0.0531813425204272,-0.9985848711089734
2190,-0.1707894206047058,-0.9321964979171753,-0.0146649627831486,-0.9998924636512512
2191,-0.11964644491672516,-0.9415891170501709,0.0147798342004658,-0.9998907722851564
2192,-0.059216272085905075,-0.948396623134613,0.0231116665783607,-0.9997328897600452
2193,0.008840542286634445,-0.9564539790153503,0.0409866304642231,-0.9991596950053526
2194,0.08060473203659058,-0.9620029926300049,0.0747591877577727,-0.997201616447646
2195,0.14916680753231049,-0.9639855623245239,0.07046332592,-0.9975143706735716
2196,0.20581823587417603,-0.9621607065200806,0.0788410130448392,-0.9968872025771338
2197,0.24079571664333344,-0.9570514559745789,0.0819608647745746,-0.9966355485559424
2198,0.25288793444633484,-0.9516943693161011,0.0801428100852703,-0.996783391711377
2199,0.24515189230442047,-0.9453287124633789,0.0691658817201855,-0.997605172804286
2200,0.1585993468761444,-0.9525865316390991,0.0847574925550032,-0.9964016095208742
2201,0.10559387505054474,-0.9402626752853394,0.093258154367269,-0.9956419620747262
2202,0.062308501452207565,-0.9273713827133179,0.119030860633299,-0.9928905550043752
2203,0.02794479951262474,-0.9245431423187256,0.1621682306158224,-0.9867631250603832
2204,0.005347002297639847,-0.9337430000305176,0.159172768423229,-0.987250743120756
2205,-0.012276817113161087,-0.9490892887115479,0.2065313202295074,-0.9784399898635872
2206,-0.023983187973499298,-0.9616680145263672,0.2375261358452606,-0.9713811480517928
2207,-0.03266507387161255,-0.9694650173187256,0.2614692912661862,-0.9652117952681464
2208,-0.037609346210956573,-0.9756330847740173,0.2818950662730049,-0.9594452415906488
2209,-0.04568453133106232,-0.983142614364624,0.310446730716329,-0.9505907780888384
2210,0.045997779816389084,-0.9769158363342285,0.3085709873238915,-0.9512013171679056
2211,0.05845337733626366,-0.9666805267333984,0.2966518015776934,-0.9549857112128478
2212,0.0685330182313919,-0.9693827033042908,0.303032557323788,-0.9529802039926144
2213,0.07143206894397736,-0.9600642919540405,0.3142684654118175,-0.9493341517335724
2214,0.07064296305179596,-0.9505506753921509,0.3293726829963043,-0.9441999977207244
2215,0.07307037711143494,-0.944905161857605,0.3246789509642141,-0.9458242853726994
2216,0.0775185227394104,-0.9448763132095337,0.3219325050811473,-0.9467626218710672
2217,0.08082856237888336,-0.9483633041381836,0.3426854732699603,-0.9394501936823172
2218,0.07812975347042084,-0.9514060020446777,0.3443619288353995,-0.9388369730516386
2219,0.06894929707050323,-0.9549797177314758,0.3378538811045447,-0.9411985736403324
2220,0.06743454933166504,-0.9562479853630066,0.3554960530844175,-0.93467778204117
2221,0.06837233901023865,-0.9576940536499023,0.347871966529561,-0.93754204967183
2222,0.06643892824649811,-0.9582760334014893,0.3521460489582025,-0.9359450625988296
2223,0.0640106350183487,-0.9597532749176025,0.3612387198351595,-0.9324733708218456
2224,0.0950886458158493,-0.9524153470993042,0.3634042847218897,-0.9316315397439976
2225,0.08675111830234528,-0.9519007205963135,0.3700726206091297,-0.9290028285616202
2226,0.09608671069145203,-0.9473087191581726,0.3824804428098913,-0.9239635874145418
2227,0.05877455696463585,-0.9934813976287842,0.3827539686808592,-0.9238503122579176
2228,0.08509516716003418,-0.9640365242958069,0.3929964429629601,-0.919539991418786
2229,0.11373914778232574,-0.9457802176475525,0.4029878446250378,-0.9152053305594688
2230,0.15330590307712555,-0.9439063668251038,0.413019619019331,-0.910722127932075
2231,0.24476249516010284,-0.9359099864959717,0.4218371557551907,-0.906671613112692
2232,0.2737622857093811,-0.912047803401947,0.4194371940778252,-0.9077843577767358
2233,0.29254066944122314,-0.9124626517295837,0.4288233210119581,-0.9033883768104808
2234,0.2975512146949768,-0.9046503901481628,0.4258385348048856,-0.9047991723444646
2235,0.3211292624473572,-0.8981059789657593,0.4313707737554703,-0.9021747367054824
2236,0.3397742509841919,-0.8930994272232056,0.447288153925539,-0.8943899079025228
2237,0.36712485551834106,-0.8863894939422607,0.4646387402480948,-0.8855003337439594
2238,0.3991534113883972,-0.874778687953949,0.4716828394788988,-0.8817682796183606
2239,0.4305654466152191,-0.8617756366729736,0.4871046936393949,-0.8733435849850111
2240,0.4514116644859314,-0.848326563835144,0.4885074249955848,-0.8725597376249852
2241,0.4622531533241272,-0.8390676379203796,0.5137337776440403,-0.857949652198533
2242,0.45376941561698914,-0.8395979404449463,0.5154771821864189,-0.8569033053064677
2243,0.4174833595752716,-0.8549559116363525,0.5061868268129844,-0.8624238496012281
2244,0.3468630313873291,-0.8821521997451782,0.4881394751525146,-0.872765634519272
2245,0.3290325999259949,-0.8954082727432251,0.4851652989967147,-0.8744224566246159
2246,0.33744117617607117,-0.8938180208206177,0.4874742803670202,-0.8731373465730669
2247,0.35923653841018677,-0.8823767900466919,0.5054197921894651,-0.8628735907786018
2248,0.3765385150909424,-0.8714432716369629,0.5136704908690256,-0.8579875446708852
2249,0.37255042791366577,-0.8679637312889099,0.5512865075871548,-0.834315999218736
2250,0.36796554923057556,-0.8686105012893677,0.5586194969537085,-0.8294240517510845
2251,0.3712690472602844,-0.8774234056472778,0.5495099237965001,-0.8354871893985956
2252,0.37457284331321716,-0.888081431388855,0.5692323431994095,-0.8221767081690589
2253,0.3676062226295471,-0.8964802026748657,0.5667203048477892,-0.8239102475835757
2254,0.35998761653900146,-0.8978970050811768,0.5756065909466898,-0.8177267590453
2255,0.35526806116104126,-0.8972485661506653,0.5807882825299977,-0.8140546485807053
2256,0.3600270450115204,-0.892320990562439,0.5972670586211933,-0.8020424307266967
2257,0.3797115385532379,-0.8845882415771484,0.6070644349927663,-0.794652610746931
2258,0.41026926040649414,-0.8716298937797546,0.5937836098951549,-0.8046247725616448
2259,0.4488413333892822,-0.8505163192749023,0.5866932479834435,-0.8098092570294796
2260,0.46709561347961426,-0.8426594138145447,0.6226683260344655,-0.7824858821432094
2261,0.4900017976760864,-0.830853283405304,0.6163335426072788,-0.7874852152625862
2262,0.514496922492981,-0.8157437443733215,0.5986872221887106,-0.8009829024317344
2263,0.5424677133560181,-0.8010619878768921,0.5947802306883675,-0.8038883487041546
2264,0.5780540704727173,-0.7793185710906982,0.5837044043955076,-0.8119662359293555
2265,0.6161421537399292,-0.7521040439605713,0.6088510774471405,-0.7932845425769092
2266,0.6527196764945984,-0.720737636089325,0.6205530613715915,-0.7841644585304449
2267,0.6954105496406555,-0.6836375594139099,0.6093216546132016,-0.7929231496301707
2268,0.6974791288375854,-0.6803963780403137,0.6236806808202708,-0.7816792234488285
2269,0.6906304359436035,-0.6830492615699768,0.6281259483290861,-0.778111684166024
2270,0.6788606643676758,-0.691294252872467,0.618659282689529,-0.7856593994486908
2271,0.6650140285491943,-0.6997223496437073,0.6037235721198821,-0.7971937333338801
2272,0.6538780331611633,-0.7081717252731323,0.6100887156146352,-0.792333111184737
2273,0.6460999250411987,-0.7172368168830872,0.6128667599213876,-0.790186265752234
2274,0.6463264226913452,-0.7215086221694946,0.6360519860004822,-0.7716462085080458
2275,0.651453971862793,-0.7249885201454163,0.6588634292102561,-0.752262574935974
2276,0.6534465551376343,-0.7295107841491699,0.6690836717116885,-0.743187082939959
2277,0.7275369167327881,-0.6445345878601074,0.6778133624935782,-0.7352340073916258
2278,0.6899540424346924,-0.7232727408409119,0.7253355261873219,-0.6883955072852821
2279,0.673991858959198,-0.7378947734832764,0.7211129160818078,-0.6928175533717312
2280,0.6603875160217285,-0.7424684166908264,0.7289006413111642,-0.6846194965790658
2281,0.6551076173782349,-0.7401649355888367,0.7340355416074612,-0.6791110539941468
2282,0.6565406918525696,-0.7380720973014832,0.7297458238770081,-0.6837185331216834
2283,0.6598974466323853,-0.73260098695755,0.7353371017408424,-0.6777015174864064
2284,0.6582013368606567,-0.7324097156524658,0.744330990480439,-0.6678108838663896
2285,0.6559014320373535,-0.7376328706741333,0.727921914836814,-0.6856600366802094
2286,0.6545618772506714,-0.7440556883811951,0.7182751844006974,-0.6957591246071761
2287,0.652342677116394,-0.7459027767181396,0.7052921729342086,-0.708916744616561
2288,0.649399995803833,-0.7488539814949036,0.6860625364108349,-0.7275425734165196
2289,0.6478749513626099,-0.7489017248153687,0.6919354848265332,-0.7219593373853339
2290,0.6470897793769836,-0.7453387379646301,0.7174499241503336,-0.6966100819947129
2291,0.6460124254226685,-0.7419090270996094,0.7117904073248572,-0.7023919248114359
2292,0.6451136469841003,-0.7389274835586548,0.7026139129657278,-0.711571281957745
2293,0.642783522605896,-0.7394343614578247,0.685611811427695,-0.7279673372005332
2294,0.6393312215805054,-0.7413182854652405,0.6749726537395885,-0.7378427452402968
2295,0.637562096118927,-0.7421086430549622,0.6694106391045856,-0.7428925872921268
2296,0.6367043256759644,-0.7431613802909851,0.67081346014794,-0.7416261198773599
2297,0.6379948258399963,-0.7430181503295898,0.6753201841780347,-0.7375246767680016
2298,0.642853856086731,-0.7391473054885864,0.6776918172231814,-0.7353460415809295
2299,0.6457457542419434,-0.7361547946929932,0.6716641710520593,-0.740855749336502
2300,0.6485925912857056,-0.735095202922821,0.6637011158948771,-0.7479978801840917
2301,0.6504459381103516,-0.733833372592926,0.6677657969355346,-0.7443714398356847
2302,0.6524130702018738,-0.7320240139961243,0.6685824455652679,-0.7436380258445405
2303,0.6540971994400024,-0.7306991815567017,0.6673363476045523,-0.7447564697039
2304,0.6558678150177002,-0.7291154265403748,0.6604228759636819,-0.7508938839169349
2305,0.656475305557251,-0.7286987900733948,0.6573979114386094,-0.7535436191994159
2306,0.6556353569030762,-0.7296422719955444,0.6547550129261644,-0.7558411691936727
2307,0.6543298959732056,-0.7311786413192749,0.6547663817525128,-0.7558313206838697
2308,0.6521868705749512,-0.7334078550338745,0.6545529354608017,-0.7560161735569204
2309,0.6539815664291382,-0.7311903834342957,0.6508904999006027,-0.7591716256151462
2310,0.6522024273872375,-0.7329472899436951,0.6468031800984633,-0.7626569649682057
2311,0.6520134210586548,-0.7333207130432129,0.6479271546565569,-0.7617023055358689
2312,0.652511715888977,-0.7332861423492432,0.644722378425718,-0.7644168069561823
2313,0.6534121036529541,-0.7327908277511597,0.6490012931792325,-0.7607873036872289
2314,0.6550378203392029,-0.7318737506866455,0.6485741574999132,-0.7611514712744618
2315,0.6571956872940063,-0.7298910617828369,0.6518620543240004,-0.7583375647641979
2316,0.6597470045089722,-0.7276374697685242,0.6440269232511601,-0.7650028249148132
2317,0.6620635986328125,-0.7254628539085388,0.6462441465423892,-0.7631307247514669
2318,0.664381206035614,-0.7228963375091553,0.6458990129527299,-0.7634228612418476
2319,0.6668306589126587,-0.7204599976539612,0.645693766566713,-0.7635964639892534
2320,0.6679560542106628,-0.7194744944572449,0.6463620978996505,-0.7630308240161485
2321,0.6674633622169495,-0.7199113965034485,0.6450178092050153,-0.7641675377875996
2322,0.6667083501815796,-0.7209155559539795,0.6448611307359021,-0.7642997592999842
2323,0.6650503873825073,-0.7224527597427368,0.6459778253597273,-0.7633561744975393
2324,0.6663169860839844,-0.7208076119422913,0.6442090693380557,-0.76484944595822
2325,0.6700736880302429,-0.7172533273696899,0.6476769036295494,-0.761915105838465
2326,0.6675459146499634,-0.7189807295799255,0.6479922770846507,-0.7616469056187712
2327,0.676302433013916,-0.7111405730247498,0.6496712448817241,-0.7602152810709811
2328,0.6849161386489868,-0.7023229598999023,0.6480338160731479,-0.761611563216889
2329,0.6941711902618408,-0.6911380887031555,0.6484637711839984,-0.7612455172031076
2330,0.6778008937835693,-0.7068912982940674,0.6466725364809984,-0.7627677435243521
2331,0.6918567419052124,-0.6906303763389587,0.64616533129166,-0.763197461104752
2332,0.7076581716537476,-0.6723383665084839,0.6464939221860421,-0.7629191363286857
2333,0.7124384045600891,-0.6661940813064575,0.6444160552788777,-0.7646750602045358
2334,0.7117083668708801,-0.6662318110466003,0.6446655594442379,-0.7644647254559545
2335,0.7108700275421143,-0.6666724681854248,0.6445819683757809,-0.7645352091596592
2336,0.7095534801483154,-0.6678141355514526,0.6433911657553322,-0.765537594000448
2337,0.7185502052307129,-0.657881498336792,0.6450704227847367,-0.7641231246653388
2338,0.7256575226783752,-0.6499896049499512,0.6443792438274308,-0.7647060808731604
2339,0.7358896136283875,-0.6389269232749939,0.6463241288814519,-0.7630629858836244
2340,0.7449876666069031,-0.629305362701416,0.6438951286849514,-0.7651137583757006
2341,0.7523078322410583,-0.6216662526130676,0.6463411682339687,-0.7630485530069162
2342,0.7522890567779541,-0.6218954920768738,0.6446722503412281,-0.7644590830384429
2343,0.7489809393882751,-0.6254351735115051,0.6463165688266475,-0.7630693892826192
2344,0.7543409466743469,-0.6196383237838745,0.6458658114478534,-0.7634509503581784
2345,0.7658995389938354,-0.6073192358016968,0.6432488468567367,-0.7656571824370738
2346,0.7738460302352905,-0.5994893312454224,0.6496857986044178,-0.7602028433857242
2347,0.7759096622467041,-0.5979236960411072,0.6495466489349622,-0.7603217416708278
2348,0.7732852697372437,-0.6008927226066589,0.6483403944556921,-0.7613505978962894
2349,0.7676709890365601,-0.6068651676177979,0.6486124934462268,-0.7611188036998352
2350,0.7598103284835815,-0.6149036288261414,0.6487545672646922,-0.7609977079158663
2351,0.7491112947463989,-0.6251859664916992,0.6463506347179561,-0.7630405343097412
2352,0.7332650423049927,-0.6410725116729736,0.6470609279732883,-0.7624382961855648
2353,0.7096788883209229,-0.6640499830245972,0.6463980895129737,-0.7630003341244207
2354,0.6870166659355164,-0.6861507892608643,0.6457590446718767,-0.7635412603287821
2355,0.6811549663543701,-0.6926987767219543,0.645167308060699,-0.7640413238887744
2356,0.6713510751724243,-0.7034116983413696,0.6439591801112875,-0.7650598501753954
2357,0.6652064323425293,-0.709816038608551,0.6429407657819941,-0.7659159038012352
2358,0.6591782569885254,-0.7157272100448608,0.6413406434049349,-0.7672562669127858
2359,0.6564311981201172,-0.7177148461341858,0.641649824386836,-0.7669977202471611
2360,0.6648111939430237,-0.7085677981376648,0.6410534529517768,-0.7674962348172165
2361,0.659220814704895,-0.7150470018386841,0.6377838386463062,-0.770215408286268
2362,0.6527088284492493,-0.7223209738731384,0.6380749507568413,-0.7699742575025834
2363,0.6501530408859253,-0.7254430055618286,0.6392921612767392,-0.7689639344794499
2364,0.6604102253913879,-0.7146469950675964,0.6397495397316677,-0.7685834544232132
2365,0.6758440732955933,-0.6970521807670593,0.6410038928575245,-0.7675376273131496
2366,0.6826896667480469,-0.6888498663902283,0.6423521799385852,-0.7664096012760719
2367,0.6825149059295654,-0.6887807250022888,0.640268463751636,-0.7681512183972111
2368,0.6828277707099915,-0.6881757974624634,0.6413197941507556,-0.7672736940821263
2369,0.6878911256790161,-0.6832420825958252,0.6409647282224542,-0.7675703336989487
2370,0.7013121247291565,-0.6715495586395264,0.6456268068088169,-0.7636530798273852
2371,0.7077164649963379,-0.6666821241378784,0.6454394474015575,-0.76381144252883
2372,0.7082892656326294,-0.6673213839530945,0.6488177805810761,-0.7609438136957594
2373,0.710310161113739,-0.6665603518486023,0.64788796699958,-0.761735638011739
2374,0.7162686586380005,-0.6619634628295898,0.6482336333049733,-0.7614414991660445
2375,0.7293392419815063,-0.6503027081489563,0.6456789820436113,-0.7636089654706301
2376,0.7116804122924805,-0.6626110672950745,0.6415150927711454,-0.7671104130089936
2377,0.5649251937866211,-0.8038139939308167,0.6422304278775188,-0.7665116290756842
2378,0.5505560636520386,-0.8135248422622681,0.6402927988774422,-0.7681309339596286
2379,0.5399922728538513,-0.8196570873260498,0.6418818296110779,-0.7668035712065608
2380,0.5358612537384033,-0.8221086263656616,0.641474521053406,-0.7671443402902112
2381,0.5275193452835083,-0.826805830001831,0.6415084696444628,-0.7671159517142238
2382,0.523583173751831,-0.8291258811950684,0.6459409257699261,-0.7633873986486094
2383,0.5284583568572998,-0.8269935846328735,0.6453475413227316,-0.7638890959482961
2384,0.5317866206169128,-0.8249849081039429,0.6428525672778959,-0.7659899325345069
2385,0.5291541814804077,-0.8266510963439941,0.6422671456607031,-0.7664808631693639
2386,0.5354254245758057,-0.8235660791397095,0.6423263645033197,-0.7664312372704732
2387,0.5386158227920532,-0.8216689825057983,0.6453633537348984,-0.7638757370515472
2388,0.5381770133972168,-0.8220089077949524,0.6533134839121872,-0.7570875059981641
2389,0.5362293124198914,-0.8231568336486816,0.6541728915462907,-0.7563450455750768
2390,0.5361565947532654,-0.8231066465377808,0.657219449829276,-0.7536992734281384
2391,0.5403235554695129,-0.8201437592506409,0.6583572648461475,-0.7527055943888683
2392,0.5447939038276672,-0.8167705535888672,0.6571742983600098,-0.7537386427502764
2393,0.5461229085922241,-0.8155561089515686,0.6579119829212586,-0.7530948298379279
2394,0.5486488342285156,-0.8138081431388855,0.6545284304995053,-0.756037389067402
2395,0.552336573600769,-0.8109450340270996,0.6547383243081927,-0.7558556255543117
2396,0.5580864548683167,-0.8063190579414368,0.6546531727187795,-0.7559293772894633
2397,0.5632234811782837,-0.8024289608001709,0.6551701884626762,-0.755481319524038
2398,0.5679861903190613,-0.7983733415603638,0.6550098009345665,-0.7556203813289181
2399,0.5739895105361938,-0.7927072644233704,0.6594522455573961,-0.7517464571445002
2400,0.5811602473258972,-0.7864845991134644,0.6422192745435955,-0.7665209738844058
2401,0.5875282287597656,-0.7805376648902893,0.6419921426063312,-0.7667112160596923
2402,0.5938687920570374,-0.774158239364624,0.6425598829033369,-0.766235470911684
2403,0.5969494581222534,-0.7707573175430298,0.6437220405838844,-0.7652593903158065
2404,0.5979825258255005,-0.769534170627594,0.6422553323295547,-0.7664907619105746
2405,0.6000181436538696,-0.7672116160392761,0.6436291791309099,-0.7653374940320584
2406,0.6018356680870056,-0.7653412818908691,0.6422185215132112,-0.766521604800142
2407,0.604110598564148,-0.7631305456161499,0.641730430513847,-0.7669302801118968
2408,0.6051485538482666,-0.7619704008102417,0.6414917938309653,-0.7671298967238406
2409,0.606087327003479,-0.7609978914260864,0.6428350819382612,-0.7660046066633209
2410,0.6076940298080444,-0.759412407875061,0.643150507026738,-0.7657397895572946
2411,0.6093173027038574,-0.7576683163642883,0.6461403116011631,-0.763218643459364
2412,0.6116909980773926,-0.7549389004707336,0.6458266903551361,-0.7634840443813683
2413,0.6113073229789734,-0.7556860446929932,0.6458339392264155,-0.7634779125444892
2414,0.6114110946655273,-0.7558746337890625,0.6467206924815182,-0.7627269143777644
2415,0.6112422943115234,-0.7564132213592529,0.6456656810199188,-0.7636202121166545
2416,0.6095683574676514,-0.7587233185768127,0.6448580983660945,-0.7643023177850924
2417,0.6071182489395142,-0.7610227465629578,0.6435249004048582,-0.7654251776358793
2418,0.6058430671691895,-0.7626336812973022,0.6364968485962778,-0.7712793020216523
2419,0.605582594871521,-0.7626693248748779,0.6503593349506605,-0.7596267079576222
2420,0.6047300100326538,-0.7635849714279175,0.6585893951564636,-0.7525024973961505
2421,0.603348433971405,-0.7640500068664551,0.6748540535112277,-0.7379512222765574
2422,0.6021491289138794,-0.7650630474090576,0.6951996753461156,-0.7188166744022119
2423,0.604205310344696,-0.7629019021987915,0.7115252768847661,-0.7026605014899137
2424,0.6047207713127136,-0.7613868713378906,0.7274228765081873,-0.6861894481355382
2425,0.6014174222946167,-0.7638801336288452,0.7536675385308245,-0.6572558416361837
2426,0.5965832471847534,-0.7651036977767944,0.7793277897813571,-0.6266164664884772
2427,0.5915499925613403,-0.7662651538848877,0.8137344910230078,-0.5812367659736662
2428,0.6998887062072754,-0.6613339781761169,0.8404440164768918,-0.5418983808503122
2429,0.7527664303779602,-0.6414415240287781,0.8438461774387371,-0.5365851552382263
2430,0.7687354683876038,-0.6044324040412903,0.8563831126410865,-0.5163409381243795
2431,0.7677178382873535,-0.5716184973716736,0.8498657781142684,-0.5269992022671657
2432,0.7821488380432129,-0.5422841906547546,0.8377908573735948,-0.54599128134176
2433,0.7972180247306824,-0.5174696445465088,0.8340091739559282,-0.5517505756746887
2434,0.8071450591087341,-0.49434882402420044,0.8327296534555819,-0.553679803005082
2435,0.8178908228874207,-0.47019970417022705,0.8394384111591567,-0.543454831490705
2436,0.8294892907142639,-0.44169825315475464,0.8395420041770373,-0.5432947848290129
2437,0.8429056406021118,-0.4129360020160675,0.8370342062076578,-0.5471505621292153
2438,0.8597350120544434,-0.38004589080810547,0.8444515953499644,-0.53563187275488
2439,0.8781709671020508,-0.34489768743515015,0.8424283402307087,-0.5388083996896609
2440,0.8964593410491943,-0.30729609727859497,0.8414139493613337,-0.5403911230027404
2441,0.9128308892250061,-0.2732289135456085,0.8615334982804076,-0.5077007300967008
2442,0.9291554689407349,-0.24360385537147522,0.847295278532205,-0.5311221243528019
2443,0.9383180737495422,-0.22027187049388885,0.8595835101477801,-0.5109952926221739
2444,0.9452908635139465,-0.2015119194984436,0.8672622559465886,-0.4978515636316049
2445,0.8729774951934814,-0.322834849357605,0.8679843629025227,-0.4965915280758441
2446,0.8520140647888184,-0.36919736862182617,0.8687767565900986,-0.4952039450658572
2447,0.8382009267807007,-0.4129640460014343,0.8689345883159257,-0.494926945344697
2448,0.7760831117630005,-0.458160936832428,0.874590831086051,-0.4848617103672041
2449,0.7321527600288391,-0.4862431287765503,0.8913300376056814,-0.4533550088637542
2450,0.7692849040031433,-0.48584455251693726,0.9022300789786812,-0.4312550110852308
2451,0.8211042881011963,-0.4958187937736511,0.8930712202176606,-0.449915320498134
2452,0.8197528123855591,-0.5271599292755127,0.8926900774267089,-0.4506710836784366
2453,0.8033140897750854,-0.5513598918914795,0.8928220925071125,-0.4504094927188158
2454,0.8024913668632507,-0.5606037974357605,0.8953141412203003,-0.4454352798454071
2455,0.8143970966339111,-0.5599711537361145,0.8959299972970749,-0.4441952723107973
2456,0.8252789974212646,-0.5498479604721069,0.898221075380543,-0.4395439679283757
2457,0.9053323268890381,-0.45003533363342285,0.9002785706272987,-0.4353142488700181
2458,0.8867673873901367,-0.4169837236404419,0.904842257576876,-0.4257469775620053
2459,0.8558987379074097,-0.42524605989456177,0.903510876823004,-0.4285651589461358
2460,0.8450102806091309,-0.44729089736938477,0.906027099885038,-0.4232196761421984
2461,0.8574901819229126,-0.45080432295799255,0.9172734630948433,-0.3982579489501663
2462,0.8727010488510132,-0.44901183247566223,0.9269850039850168,-0.3750983902750026
2463,0.8857425451278687,-0.4395843744277954,0.9280358177727176,-0.3724909675830048
2464,0.8939142227172852,-0.4291136860847473,0.9291581861575092,-0.369682384076503
2465,0.8989650011062622,-0.41675418615341187,0.9264028128281092,-0.3765339671054487
2466,0.9018996953964233,-0.40670573711395264,0.923683922390829,-0.3831553360149028
2467,0.9024777412414551,-0.3994825482368469,0.916113516995764,-0.4009189743297914
2468,0.9005371332168579,-0.4019152522087097,0.9148825204944006,-0.4037201675589328
2469,0.8956676125526428,-0.4122891426086426,0.9092247960860036,-0.4163055010234255
2470,0.8882877826690674,-0.43127745389938354,0.9125343787001776,-0.4090000094013215
2471,0.8800280094146729,-0.44587114453315735,0.902134500617358,-0.4314549139781237
2472,0.871536135673523,-0.4537340998649597,0.9067818693879022,-0.4216000964769595
2473,0.8631064891815186,-0.4643637537956238,0.9114108427718868,-0.4114976010596405
2474,0.8592450618743896,-0.4690215587615967,0.912320090817815,-0.4094777794828113
2475,0.8583395481109619,-0.470956027507782,0.918887745631744,-0.3945190881666076
2476,0.861084520816803,-0.46667200326919556,0.9239816990458806,-0.382436687346138
2477,0.7965375781059265,-0.5896576642990112,0.9277346965125683,-0.3732403151948256
2478,0.7669462561607361,-0.5865435004234314,0.9277302479681138,-0.373251372408759
2479,0.7447718381881714,-0.580846905708313,0.93172963278881,-0.3631527108300711
2480,0.7543378472328186,-0.5799046158790588,0.9342234696542508,-0.3566882514846444
2481,0.7732841968536377,-0.5766587853431702,0.9341759856488782,-0.3568125948406907
2482,0.7938628792762756,-0.563887894153595,0.9381755377088036,-0.3461598770002054
2483,0.8038895130157471,-0.5489330887794495,0.9568500704108506,-0.2905820757630284
2484,0.8543967008590698,-0.4601665139198303,0.9653676910138934,-0.2608931220758877
2485,0.8446511030197144,-0.4313424825668335,0.9646968430696856,-0.263362869386294
2486,0.8448067307472229,-0.425218403339386,0.9655449034079048,-0.2602365068606247
2487,0.8583480715751648,-0.4264010787010193,0.9625730813012978,-0.2710222558280502
2488,0.879299521446228,-0.4177089333534241,0.975634115245031,-0.2194039041814105
2489,0.8965307474136353,-0.3982594609260559,0.9783280375351288,-0.2070609837044721
2490,0.9106677770614624,-0.37820354104042053,0.9737993650887332,-0.2274088752726691
2491,0.9214640259742737,-0.36453890800476074,0.9736355908378422,-0.2281090446559407
2492,0.9276899695396423,-0.3602643609046936,0.9796937963758264,-0.2004995395075033
2493,0.9324108362197876,-0.3549182116985321,0.9713182334358031,-0.2377832824131054
2494,0.9317510724067688,-0.3497702479362488,0.9650362000148324,-0.2621166394201875
2495,0.9305077195167542,-0.34166377782821655,0.9670979623614098,-0.254404267252751
2496,0.9229707717895508,-0.34479057788848877,0.9688319309329436,-0.2477189730415178
2497,0.9166209101676941,-0.3476904034614563,0.9704838261696388,-0.2411662147630512
2498,0.9107049703598022,-0.35859018564224243,0.9699074402396908,-0.2434739357050173
2499,0.9093002080917358,-0.3805546760559082,0.9746521700357544,-0.2237256074851399
2500,0.9122692942619324,-0.4003424644470215,0.9742735740830982,-0.2253685932940648
2501,0.9138887524604797,-0.41485434770584106,0.9758042488810306,-0.2186459875363089
2502,0.9087895154953003,-0.4219047725200653,0.9782931960582786,-0.2072255354585395
2503,0.9060044884681702,-0.41924965381622314,0.982413291610853,-0.1867193735698818
2504,0.9038825035095215,-0.4163358807563782,0.9841663169772604,-0.1772474556302983
2505,0.9012889862060547,-0.4137251377105713,0.9844435122768616,-0.1757013691921515
2506,0.8973451256752014,-0.4122113585472107,0.9855476013033092,-0.1693987177203351
2507,0.8963544368743896,-0.4134281873703003,0.9864767313182876,-0.1639013684127963
2508,0.9007186889648438,-0.41170138120651245,0.9851585516571384,-0.1716468120787841
2509,0.9052491784095764,-0.4058871269226074,0.9798365412395684,-0.1998007819095804
2510,0.9098260402679443,-0.3967962861061096,0.9806413089296148,-0.1958127248694831
2511,0.9140923023223877,-0.38308185338974,0.990449187120202,-0.1378782351675976
2512,0.919884204864502,-0.37278246879577637,0.9922460637509984,-0.12428897364871
2513,0.9241071939468384,-0.36191314458847046,0.9937779919573244,-0.1113790945432225
2514,0.9244623780250549,-0.3551415503025055,0.994152051518584,-0.1079893442029843
2515,0.9225282073020935,-0.34938591718673706,0.9909496396705828,-0.1342341671734206
2516,0.9213398098945618,-0.3485226035118103,0.9890046471076096,-0.147884441370797
2517,0.918754518032074,-0.3558957576751709,0.985738849092601,-0.1682822670087209
2518,0.9139431715011597,-0.3691288232803345,0.98448799724708,-0.1754519400760029
2519,0.9096999764442444,-0.384325236082077,0.9847531308333878,-0.1739576710405166
2520,0.9078264832496643,-0.3924640417098999,0.987424025616225,-0.1580942555434843
2521,0.9038091897964478,-0.3979925513267517,0.9853512223840398,-0.1705372937110192
2522,0.8946080803871155,-0.4031456708908081,0.9829071102421588,-0.1841021798768525
2523,0.8932874798774719,-0.3996216058731079,0.9813206366663768,-0.1923793337463699
2524,0.8959593772888184,-0.39701151847839355,0.97968121281762,-0.2005610162823195
2525,0.9086134433746338,-0.37287160754203796,0.9790441379887608,-0.203648166870817
2526,0.9065912961959839,-0.36350250244140625,0.9803870081115192,-0.1970819989906334
2527,0.9030055403709412,-0.3666103482246399,0.984501145934662,-0.175378144742545
2528,0.9065854549407959,-0.3542707562446594,0.9869581075456356,-0.1609773088044936
2529,0.9078158140182495,-0.34865802526474,0.9904727960762044,-0.1377085336244109
2530,0.9093331098556519,-0.35067564249038696,0.990179479982626,-0.1398019936243271
2531,0.9121992588043213,-0.35529065132141113,0.9880008058744254,-0.1544487215598951
2532,0.9194547533988953,-0.3504910469055176,0.9834197251659584,-0.1813439939852175
2533,0.9231897592544556,-0.34250408411026,0.9824781084837764,-0.1863780200295657
2534,0.9274203777313232,-0.33359992504119873,0.9830356280086584,-0.183414705150984
2535,0.9320715069770813,-0.3267703950405121,0.9903192295386756,-0.1388085862110996
2536,0.9334888458251953,-0.32144469022750854,0.9879807451871396,-0.1545769942115059
2537,0.9282698631286621,-0.3241817355155945,0.9861654426097072,-0.165764048582315
2538,0.9217820167541504,-0.3302454948425293,0.9870347182791236,-0.1605068998879831
2539,0.9161587953567505,-0.3345581293106079,0.9881278728313604,-0.1536336777330108
2540,0.9096881747245789,-0.3442092835903168,0.9886852000916688,-0.1500052503071039
2541,0.9072437882423401,-0.3433089256286621,0.9849925454885206,-0.1725968867970823
2542,0.9024585485458374,-0.34798359870910645,0.982183899527652,-0.1879222911435875
2543,0.8995413780212402,-0.3470456898212433,0.9790451647933016,-0.2036432304174552
2544,0.8946078419685364,-0.3518444001674652,0.9745993082482376,-0.2239557732277889
2545,0.8977372646331787,-0.3525277376174927,0.9738459325625524,-0.22720937399538
2546,0.9041926860809326,-0.3521801829338074,0.9704547507359248,-0.2412831879225613
2547,0.9088148474693298,-0.34697389602661133,0.966232287393322,-0.2576725961344531
2548,0.9084665775299072,-0.3421165347099304,0.9632747229659874,-0.2685177984693014
2549,0.9107877612113953,-0.3388558626174927,0.957078209127305,-0.2898297804120044
2550,0.9126111268997192,-0.3343570828437805,0.9531717921977456,-0.3024293877230484
2551,0.912513017654419,-0.3313249945640564,0.9531929121550272,-0.3023628155336211
2552,0.9139232635498047,-0.3278549909591675,0.9559875373658248,-0.2934072739405511
2553,0.8479080200195312,-0.46487659215927124,0.9556212849971631,-0.2945979627566533
2554,0.8982740640640259,-0.40899163484573364,0.9610575106019902,-0.2763484418546729
2555,0.8951249122619629,-0.39050620794296265,0.9660527263147352,-0.2583449824940817
2556,0.8753222227096558,-0.38904809951782227,0.967228632744468,-0.253907014474329
2557,0.872813880443573,-0.39095228910446167,0.9602074446093336,-0.2792877786742802
2558,0.8912320137023926,-0.383575975894928,0.959422817758134,-0.2819713757902432
2559,0.9029965400695801,-0.38038283586502075,0.9607435782238064,-0.2774378793562921
2560,0.9070978164672852,-0.37648138403892517,0.9666812010604332,-0.2559833110113985
2561,0.9087172150611877,-0.37162458896636963,0.9711973755735934,-0.2382764312284461
2562,0.9103151559829712,-0.3668580651283264,0.976447592896602,-0.215754717970273
2563,0.910739541053772,-0.36581242084503174,0.9772223010848295,-0.2122182232101446
2564,0.9108185768127441,-0.3658706545829773,0.975538539664122,-0.219828473201249
2565,0.9103906154632568,-0.3671543300151825,0.9743995372771198,-0.2248233567806842
2566,0.9092279076576233,-0.37010616064071655,0.9800859800244414,-0.1985735928051116
2567,0.9076758623123169,-0.3711988925933838,0.9819879263789218,-0.1889436753268687
2568,0.9056296348571777,-0.3725234270095825,0.9794768128253571,-0.2015568732082338
2569,0.9030200242996216,-0.3753416836261749,0.9686330904518864,-0.2484953441850123
2570,0.9022080898284912,-0.3784501552581787,0.9625346652771936,-0.2711586586110074
2571,0.8997417092323303,-0.385362446308136,0.958637870772856,-0.2846285873205382
2572,0.8994051218032837,-0.39300453662872314,0.9588856048466764,-0.2837928766157169
2573,0.9011757969856262,-0.39139819145202637,0.9647405699280428,-0.2632026457597175
2574,0.9000025987625122,-0.3795158267021179,0.965039065695034,-0.2621060886024128
2575,0.8997736573219299,-0.3639988601207733,0.9673758676617096,-0.2533454769001303
2576,0.9033790826797485,-0.35315391421318054,0.9669402020723856,-0.2550032266780439
2577,0.9102989435195923,-0.34343206882476807,0.9656656103916808,-0.2597882385845491
2578,0.9159021377563477,-0.33519700169563293,0.9656478850412302,-0.2598541169875877
2579,0.9187771677970886,-0.3264579176902771,0.969780957972646,-0.2439772398271139
2580,0.9219174385070801,-0.3135409355163574,0.963246603600601,-0.2686186528368918
2581,0.8550630807876587,-0.46079230308532715,0.9652250740472124,-0.2614202678266425
2582,0.8393349051475525,-0.5109809041023254,0.9723444548191664,-0.2335514101486393
2583,0.8788638114929199,-0.4521052837371826,0.9791325981028244,-0.2032224282219188
2584,0.878125786781311,-0.4190468192100525,0.9837984820167934,-0.1792778479942602
2585,0.8524237871170044,-0.4163816571235657,0.9813384520842062,-0.1922884355882436
2586,0.8555976152420044,-0.4201698899269104,0.972029496779283,-0.2348588030945697
2587,0.877680778503418,-0.41531893610954285,0.9724072836977988,-0.2332896796077119
2588,0.8925890326499939,-0.4098086357116699,0.9751491601728012,-0.2215493520962777
2589,0.9009119272232056,-0.40047937631607056,0.978792962696456,-0.2048519860189157
2590,0.9048734307289124,-0.3924124240875244,0.9789795184547376,-0.2039585802218919
2591,0.9081518650054932,-0.3861669898033142,0.9772246379624938,-0.2122074620720789
2592,0.9073723554611206,-0.38505953550338745,0.9749768329000033,-0.2223064895775178
2593,0.9043278694152832,-0.3881218433380127,0.9718126318250738,-0.2357545516532468
2594,0.8988059759140015,-0.3941912055015564,0.9703741484425032,-0.2416071440054841
2595,0.8929896354675293,-0.4007193446159363,0.9714701798425924,-0.2371617373789475
2596,0.8889617919921875,-0.4091227650642395,0.9661326701712551,-0.2580458556686402
2597,0.8864135146141052,-0.4176042079925537,0.952150667291584,-0.3056290345765459
2598,0.8828494548797607,-0.4235949218273163,0.9408852496475292,-0.3387254743825844
2599,0.8783234357833862,-0.42636290192604065,0.920500044930438,-0.3907424564634125
2600,0.8766750693321228,-0.4260719418525696,0.9215919504786428,-0.388160117494019
2601,0.8783664703369141,-0.41847628355026245,0.9131122104652888,-0.4077083407280187
2602,0.8112219572067261,-0.5385465025901794,0.911875322838248,-0.4104672893162636
2603,0.7773557901382446,-0.5583937168121338,0.9009512168610004,-0.433920389975722
2604,0.7539657354354858,-0.5665322542190552,0.8867861343756557,-0.462179999436455
2605,0.7399188280105591,-0.5788288116455078,0.8681023568401742,-0.496385231497206
2606,0.7356478571891785,-0.5915403962135315,0.8474355438231129,-0.530898294464415
2607,0.7597430944442749,-0.5929247736930847,0.8411307013709205,-0.5408318992175511
2608,0.799958348274231,-0.5797351598739624,0.8405359314176384,-0.5417558010726633
2609,0.8171818256378174,-0.5644916892051697,0.823692620942431,-0.5670365651393116
2610,0.8078108429908752,-0.5639373660087585,0.8153534713181673,-0.5789634848670636
2611,0.7934834957122803,-0.5772813558578491,0.7939724590843331,-0.60795372703486
2612,0.776902437210083,-0.5986585021018982,0.7699818095994143,-0.6380658374227625
2613,0.7530438899993896,-0.6190352439880371,0.7458825287417367,-0.666077512995171
2614,0.7235732078552246,-0.6378942728042603,0.7310580527627966,-0.6823152669335988
2615,0.6948734521865845,-0.6584792137145996,0.7356710996620528,-0.6773389351883043
2616,0.6689139604568481,-0.6772871613502502,0.7212231356464149,-0.6927028140612344
2617,0.6441960334777832,-0.6967557668685913,0.7189715989559027,-0.6950394520419634
2618,0.6202651262283325,-0.7181403040885925,0.7145052691762824,-0.6996300596167436
2619,0.6012004613876343,-0.7391051054000854,0.6746190866570217,-0.7381660300488271
2620,0.5938228368759155,-0.7576072216033936,0.6691400500001411,-0.7431363222759393
2621,0.5898633003234863,-0.7674981355667114,0.6742498974260688,-0.7385032673055251
2622,0.5916938781738281,-0.7723281383514404,0.6579828594082181,-0.7530329054729183
2623,0.5978114604949951,-0.7741960883140564,0.6462086475351212,-0.7631607850583189
2624,0.6029689908027649,-0.7714990973472595,0.648249724931337,-0.7614277996806039
2625,0.6096683740615845,-0.7658779621124268,0.6400314380443033,-0.7683487218151281
2626,0.6065483093261719,-0.7652860879898071,0.6500160183248981,-0.7599205063169738
2627,0.5940513014793396,-0.7673195600509644,0.6124394214583164,-0.7905175235526425
2628,0.578166127204895,-0.7718712091445923,0.5851523042487554,-0.8109234124332408
2629,0.5674414038658142,-0.7778375148773193,0.5532503654485573,-0.8330150257534601
2630,0.4621277451515198,-0.841816782951355,0.5230116212249667,-0.8523255505167213
2631,0.3563971519470215,-0.8765660524368286,0.4916031872403299,-0.8708193304556056
2632,0.28088340163230896,-0.888756275177002,0.4497029942182431,-0.893178155236203
2633,0.24081988632678986,-0.9206151366233826,0.4152393799172542,-0.9097121838064688
2634,0.2395852953195572,-0.958479642868042,0.4142570409715013,-0.9101599332015972
2635,0.24747763574123383,-0.9806363582611084,0.404047733247252,-0.9147379019466492
2636,0.3130141496658325,-0.9675679206848145,0.3781189516622996,-0.9257570190896764
2637,0.31257930397987366,-0.9352089166641235,0.3496914130734406,-0.9368649399047336
2638,0.2775283455848694,-0.9481930136680603,0.3723608302517102,-0.9280880411330904
2639,0.2336428016424179,-0.9417771100997925,0.3531732600676013,-0.9355579342687562
2640,0.19974732398986816,-0.9405249953269958,0.3226430067427212,-0.9465207288802588
2641,0.1809626966714859,-0.9382630586624146,0.292297590521539,-0.9563274118079554
2642,0.17627190053462982,-0.9384739995002747,0.2409772684717659,-0.9705307599864552
2643,0.17816820740699768,-0.9405866861343384,0.2092861409314937,-0.9778544427541366
2644,0.18471865355968475,-0.944837212562561,0.1736374795573228,-0.9848096393176604
2645,0.19204841554164886,-0.950343668460846,0.1309604258904083,-0.9913875966798268
2646,0.126400426030159,-0.9809222221374512,0.0854410803676952,-0.9963432248907004
2647,0.09489017724990845,-0.9682627320289612,0.0979666707337959,-0.9951896962013504
2648,0.06500299274921417,-0.9559276103973389,0.0958345239711421,-0.9953972794895636
2649,0.04146244749426842,-0.9549763202667236,0.0957482280480422,-0.9954055840840256
2650,0.01497405394911766,-0.9529428482055664,0.0938509024181475,-0.9955862635228048
2651,-0.012789245694875717,-0.9560442566871643,0.0947183255858136,-0.995504112898696
2652,-0.02198115922510624,-0.9625147581100464,0.131386697002616,-0.9913311938251226
2653,-0.04362558573484421,-0.9677966237068176,0.1253078748147599,-0.9921179045402864
2654,-0.046875424683094025,-0.972356915473938,0.1246947428966069,-0.9921951527264932
2655,-0.04443815350532532,-0.9761825203895569,0.1251048142053268,-0.9921435306762074
2656,-0.03687798231840134,-0.9812949299812317,0.122791709900606,-0.9924324641907304
2657,-0.03204965963959694,-0.9823336601257324,0.1213973672107741,-0.9926039891287424
2658,-0.030519356951117516,-0.9850846529006958,0.1173509360298034,-0.9930905083691662
2659,-0.032702457159757614,-0.9875329732894897,0.1094284646600229,-0.9939946735884202
2660,-0.03532625362277031,-0.9866460561752319,0.1006141561375728,-0.9949255206218826
2661,-0.03909043222665787,-0.984167218208313,0.0858363508658081,-0.9963092496158218
2662,-0.04480206221342087,-0.9830939769744873,0.0702210986892952,-0.9975314517842876
2663,-0.05449681729078293,-0.9813263416290283,0.0589179434087059,-0.9982628290908604
2664,-0.06730448454618454,-0.9793661832809448,0.0727213751152786,-0.99735229563146
2665,-0.08363915979862213,-0.975579023361206,0.0459429609111321,-0.9989440646716504
2666,-0.1016625314950943,-0.9718028903007507,0.0145666060200883,-0.9998939013660676
2667,-0.11654232442378998,-0.9682813286781311,0.0172037079618925,-0.9998520052649602
2668,-0.12783265113830566,-0.9678603410720825,0.0068337541559946,-0.9999766496294478
2669,-0.13400913774967194,-0.9671691656112671,-0.025039309097499,-0.9996864673485982
2670,-0.13951075077056885,-0.9661704301834106,-0.0932267163261136,-0.9956449062607864
2671,-0.1503186821937561,-0.9624279737472534,-0.1884118172803958,-0.9820901115015356
2672,-0.17016330361366272,-0.9581356048583984,-0.2481710467967056,-0.968716228589068
2673,-0.19474448263645172,-0.9592952728271484,-0.2789836378861718,-0.9602958553444856
2674,-0.2125941962003708,-0.9541207551956177,-0.2750725902903682,-0.9614234603289786
2675,-0.2195667028427124,-0.9497538208961487,-0.3022891192380187,-0.9532162862594736
2676,-0.21107365190982819,-0.9467407464981079,-0.3193796814233384,-0.9476268353597458
2677,-0.18939748406410217,-0.951195478439331,-0.3269243912873215,-0.9450504972653124
2678,-0.17354504764080048,-0.9552221298217773,-0.364084684224617,-0.9313658479421828
2679,-0.2575920522212982,-0.9200125932693481,-0.4016639992886219,-0.9157871104549736
2680,-0.2354433387517929,-0.9177939891815186,-0.4293052804905896,-0.9031594411525
2681,-0.22120831906795502,-0.902114748954773,-0.4388724614791878,-0.8985493656751413
2682,-0.3229275345802307,-0.8656474351882935,-0.4733673544207382,-0.8808651132657662
2683,-0.40933114290237427,-0.8295445442199707,-0.5168475678183976,-0.856077444884636
2684,-0.4989754259586334,-0.7920671105384827,-0.5441063018183867,-0.8390162884721123
2685,-0.5819670557975769,-0.7498072385787964,-0.5750962103832087,-0.8180857832787904
2686,-0.6534051299095154,-0.7048940062522888,-0.6034377661004741,-0.7974100967781067
2687,-0.6752761006355286,-0.7123757600784302,-0.636976561289572,-0.7708831690779817
2688,-0.6900730133056641,-0.6849761605262756,-0.6667226236758791,-0.7453059392482742
2689,-0.7607908248901367,-0.6400485038757324,-0.6810644402087189,-0.7322234824718369
2690,-0.7636236548423767,-0.6241835951805115,-0.6931282300155839,-0.7208143011590876
2691,-0.759353518486023,-0.6162371039390564,-0.6885184313458899,-0.7252188426240697
2692,-0.7594897747039795,-0.6092232465744019,-0.7271402864397398,-0.6864888956394948
2693,-0.7569997310638428,-0.6020140647888184,-0.7366988585857429,-0.6762209637082124
2694,-0.7591191530227661,-0.5863335132598877,-0.7512034622991506,-0.6600707221425358
2695,-0.7705622911453247,-0.5583256483078003,-0.7481047952279374,-0.6635806020047346
2696,-0.7897536754608154,-0.5173531770706177,-0.7443653253622465,-0.6677726127944728
2697,-0.810344934463501,-0.4761579632759094,-0.7538998928925222,-0.6569893085101488
2698,-0.825580358505249,-0.44942420721054077,-0.7518683043219588,-0.6593133192618077
2699,-0.8367732763290405,-0.44019579887390137,-0.7492660134447731,-0.6622691606111349
2700,-0.8768841028213501,-0.37972766160964966,-0.7585933334939232,-0.6515643900479655
2701,-0.8967614769935608,-0.3452748954296112,-0.7765371483719936,-0.6300714699129714
2702,-0.9059202671051025,-0.33139050006866455,-0.7829665994432836,-0.6220637460551939
2703,-0.9113605618476868,-0.3183087706565857,-0.8006395984363499,-0.5991462537775566
2704,-0.9164918065071106,-0.3073200285434723,-0.8087120172282999,-0.5882047884797726
2705,-0.9182393550872803,-0.297086626291275,-0.8149943399163746,-0.5794689171165894
2706,-0.9151821732521057,-0.29303717613220215,-0.8185339014559035,-0.5744582249105475
2707,-0.9100037217140198,-0.2978355288505554,-0.8210114882300722,-0.5709116710965384
2708,-0.9057902693748474,-0.30828723311424255,-0.8334565298352065,-0.5525850277333395
2709,-0.9018318057060242,-0.32114237546920776,-0.8741208889586136,-0.4857084222928434
2710,-0.8977222442626953,-0.3390085697174072,-0.8606621979490532,-0.50917637516042
2711,-0.8973792791366577,-0.350848913192749,-0.8575561052660753,-0.5143904415139146
2712,-0.8971667289733887,-0.35723549127578735,-0.8685327408276937,-0.4956317969121172
2713,-0.8992933034896851,-0.3619288206100464,-0.874691614749442,-0.4846798727892604
2714,-0.9014812707901001,-0.36217570304870605,-0.8680200297673654,-0.496529181340495
2715,-0.9038177728652954,-0.3591720163822174,-0.8910030771642489,-0.4539972648418046
2716,-0.904973030090332,-0.35475945472717285,-0.9143621612889624,-0.4048973178510543
2717,-0.9023425579071045,-0.348824679851532,-0.9291393518152622,-0.3697297187247927
2718,-0.9052770733833313,-0.3393038511276245,-0.9315878030703704,-0.3635163891360622
2719,-0.9077459573745728,-0.3309984803199768,-0.9387813901637652,-0.3445134271435416
2720,-0.9042200446128845,-0.336148738861084,-0.9452627734120224,-0.3263101120121958
2721,-0.9004392623901367,-0.3470357656478882,-0.9467946977214328,-0.3218381586552168
2722,-0.9003027677536011,-0.35908663272857666,-0.9375449658986352,-0.3478641069701311
2723,-0.9044791460037231,-0.3589952290058136,-0.9374018177613276,-0.3482496691423538
2724,-0.9082099199295044,-0.34726083278656006,-0.9338935064189956,-0.3575512811729713
2725,-0.9151315093040466,-0.33366259932518005,-0.9416117432435378,-0.3367006459540371
2726,-0.9219316244125366,-0.3228955864906311,-0.953031142947869,-0.3028723172749179
2727,-0.9219158887863159,-0.3168363571166992,-0.96468693091716,-0.2633991748613318
2728,-0.9143284559249878,-0.3221047818660736,-0.962953460036344,-0.2696676358112583
2729,-0.8932647705078125,-0.3796631991863251,-0.9638272722322434,-0.2665276520388698
2730,-0.886635422706604,-0.4124709963798523,-0.9643327903296628,-0.2646927832318186
2731,-0.8634438514709473,-0.43699073791503906,-0.962072074226786,-0.2727953885111868
2732,-0.857695460319519,-0.46232151985168457,-0.9614037136142116,-0.2751415989064591
2733,-0.8595075607299805,-0.4604424238204956,-0.964102009682365,-0.26553213539311
2734,-0.8667750358581543,-0.44039463996887207,-0.966064365209333,-0.258301456195447
2735,-0.8748358488082886,-0.42956262826919556,-0.968960740631354,-0.2472146498796901
2736,-0.8991146087646484,-0.35376542806625366,-0.970954092081552,-0.2392658585550582
2737,-0.9194639325141907,-0.31348881125450134,-0.9705048404754558,-0.2410816347499534
2738,-0.9860785603523254,-0.2838292419910431,-0.9704118875532172,-0.2414555207391256
2739,-0.9885144829750061,-0.2625932991504669,-0.9641692219392864,-0.2652879783650044
2740,-0.9630799293518066,-0.28726935386657715,-0.9636139553564866,-0.2672978582821549
2741,-0.9477498531341553,-0.32455945014953613,-0.9690368659834148,-0.2469160836499748
2742,-0.9343506097793579,-0.3652755618095398,-0.9670692012525922,-0.2545135752541961
2743,-0.9191579222679138,-0.39253583550453186,-0.9660994397496228,-0.2581702394069947
2744,-0.914033830165863,-0.394559383392334,-0.9644020420083078,-0.2644403550334294
2745,-0.9115372896194458,-0.3920479416847229,-0.965854311080406,-0.25908579615138
2746,-0.9115568399429321,-0.38458436727523804,-0.9738743925748424,-0.2270873565106201
2747,-0.9137359857559204,-0.37627312541007996,-0.975880388656888,-0.2183059024279489
2748,-0.9447539448738098,-0.2330099493265152,-0.9779598502528116,-0.2087930345904721
2749,-0.9744224548339844,-0.1518491953611374,-0.9853983587873162,-0.1702647188916825
2750,-0.9997545480728149,-0.1047133356332779,-0.990019728141172,-0.1409288398138584
2751,-0.996362566947937,-0.08811135590076447,-0.9906575234400752,-0.1363732790966653
2752,-0.9711047410964966,-0.14054305851459503,-0.987771610680682,-0.1559078097251417
2753,-0.9969643950462341,-0.10786101222038269,-0.9798008343127452,-0.1999758112373809
2754,-0.9894909858703613,-0.10889911651611328,-0.9749974698114146,-0.2222159622109533
2755,-0.9810491800308228,-0.11323828995227814,-0.9691195472642776,-0.2465913686856893
2756,-0.9774290919303894,-0.1157665103673935,-0.9665071313119676,-0.2566397574872427
2757,-0.9767513871192932,-0.1181911826133728,-0.9658227243987594,-0.2592035204910574
2758,-0.9784268140792847,-0.11968585848808289,-0.9616413995306764,-0.2743097131139942
2759,-0.9836894273757935,-0.12056859582662582,-0.9578529528658828,-0.2872589784255819
2760,-0.9900993704795837,-0.12103139609098434,-0.9582690815220372,-0.2858677445933895
2761,-0.9922494888305664,-0.12130559980869293,-0.9596952090501848,-0.2810428894779619
2762,-0.9903733730316162,-0.11941514164209366,-0.9611237793906312,-0.2761178746294226
2763,-0.9907682538032532,-0.1150221973657608,-0.958050701514634,-0.2865987671420056
2764,-0.991356372833252,-0.10993123054504395,-0.95633827068227,-0.2922620605354814
2765,-0.9921243190765381,-0.10491649806499481,-0.9541548381504582,-0.2993134558185999
2766,-0.9924435615539551,-0.09970946609973907,-0.9509957741941744,-0.3092038768593026
2767,-0.9904137253761292,-0.09480008482933044,-0.9476426506210308,-0.3193327523508147
2768,-0.9872076511383057,-0.09140035510063171,-0.9397354302309292,-0.3419025024311615
2769,-0.985054612159729,-0.09132707118988037,-0.9382463831373616,-0.3459678085164273
2770,-0.9847337007522583,-0.08946621417999268,-0.9282274822912906,-0.3720130926717119
2771,-0.9831806421279907,-0.0906706154346466,-0.9233944029941384,-0.3838525452815164
2772,-0.9816229343414307,-0.09464621543884277,-0.9221044595087524,-0.3869410365340845
2773,-0.9809892177581787,-0.09987130761146545,-0.914343323177024,-0.4049398564745092
2774,-0.9802282452583313,-0.10338635742664337,-0.9280616165767578,-0.3724266851837217
2775,-0.979411244392395,-0.10959260165691376,-0.9423858903424416,-0.3345277771478535
2776,-0.9772139191627502,-0.11754442751407623,-0.9527712347061004,-0.303688943355883
2777,-0.9703341722488403,-0.1291831135749817,-0.95384715755365,-0.3002925240941276
2778,-0.960124135017395,-0.14730343222618103,-0.9514533995796778,-0.3077928336207228
2779,-0.9588626623153687,-0.15144430100917816,-0.9465926255259888,-0.3224320103522837
2780,-0.9581260681152344,-0.15707093477249146,-0.9397259089549028,-0.3419286709810712
2781,-0.9522197246551514,-0.16484129428863525,-0.9306027243399072,-0.3660308312849383
2782,-0.9498282074928284,-0.173991397023201,-0.936851820396767,-0.3497265597853041
2783,-0.9514980316162109,-0.18139392137527466,-0.9326275670164916,-0.3608404373693441
2784,-0.9556114673614502,-0.18785177171230316,-0.9278405417638136,-0.3729771159996718
2785,-0.9594926834106445,-0.18999694287776947,-0.9155667613066992,-0.4021660174484679
2786,-0.9605996608734131,-0.1981998234987259,-0.9130147321426884,-0.4079265851723995
2787,-0.9569776058197021,-0.21211227774620056,-0.9000169279326925,-0.4358549408170093
2788,-0.948501467704773,-0.2279113531112671,-0.9008153138743044,-0.4342024531132206
2789,-0.9434874057769775,-0.2277069240808487,-0.9046204673655358,-0.4262180310866252
2790,-0.9403274655342102,-0.2314918041229248,-0.9157532487330636,-0.4017411945952763
2791,-0.9352949857711792,-0.24085882306098938,-0.9070242865635,-0.4210783105123962
2792,-0.930983304977417,-0.25529515743255615,-0.9027757163240976,-0.4301116204144132
2793,-0.9267913699150085,-0.27338680624961853,-0.9135266947628466,-0.4067787825780357
2794,-0.9192903637886047,-0.2933492958545685,-0.8986132902041921,-0.4387415579454451
2795,-0.9126109480857849,-0.3168495297431946,-0.8990582456535874,-0.4378290430319735
2796,-0.9091360569000244,-0.34034228324890137,-0.8984144818369373,-0.4391485156819587
2797,-0.9088523387908936,-0.3531331717967987,-0.9023126263159008,-0.4310822710236429
2798,-0.912045955657959,-0.35324668884277344,-0.9073084785120924,-0.4204656048002881
2799,-0.8983819484710693,-0.3802267909049988,-0.917337169266855,-0.3981111878376107
2800,-0.884213924407959,-0.42042791843414307,-0.9160454694870016,-0.4010744292925425
2801,-0.8647420406341553,-0.45307469367980957,-0.9206618402117656,-0.3903610840976409
2802,-0.8598498106002808,-0.4691188335418701,-0.9199445088792654,-0.3920485946702109
2803,-0.8402341604232788,-0.489824116230011,-0.9123821781910808,-0.4093394201873289
2804,-0.8203350901603699,-0.5137380361557007,-0.90573710866164,-0.4238399344012458
2805,-0.8151723742485046,-0.5235832333564758,-0.8998976701462833,-0.436101115872559
2806,-0.8187253475189209,-0.5252200365066528,-0.8928361234124527,-0.4503816789455623
2807,-0.8232617974281311,-0.5195609331130981,-0.890474747983856,-0.4550326616882443
2808,-0.8297544717788696,-0.5103721022605896,-0.8874390727549172,-0.4609250396191258
2809,-0.8420575857162476,-0.49982357025146484,-0.8877790042710373,-0.4602699637989921
2810,-0.8546577095985413,-0.49201393127441406,-0.8906800539308382,-0.4546306649685647
2811,-0.8667268753051758,-0.4859544634819031,-0.8818309348291764,-0.4715656925374245
2812,-0.8722935914993286,-0.48275458812713623,-0.8621526413945149,-0.5066486188044542
2813,-0.8763189315795898,-0.47908151149749756,-0.8660580222057795,-0.4999434989806482
2814,-0.8792048096656799,-0.4755159616470337,-0.8699951173504055,-0.4930603368619851
2815,-0.879642128944397,-0.4714635908603668,-0.8491964167543791,-0.5280771210453289
2816,-0.884089469909668,-0.462353378534317,-0.8510825147549647,-0.525031954340272
2817,-0.8850076794624329,-0.45305246114730835,-0.8600281775191417,-0.5102465422451226
2818,-0.8855715990066528,-0.445889413356781,-0.8534974833708509,-0.5210969639900276
2819,-0.8889697790145874,-0.4392354488372803,-0.8351756801436174,-0.5499832572875706
2820,-0.8923659324645996,-0.4339677095413208,-0.8256792424334126,-0.5641398661808842
2821,-0.8994160890579224,-0.4256383776664734,-0.8423287079606789,-0.5389641432834777
2822,-0.90775465965271,-0.41227224469184875,-0.8568197498063732,-0.5156160551628935
2823,-0.8975362777709961,-0.43501609563827515,-0.8670214194821522,-0.4982708682625887
2824,-0.8825955390930176,-0.46698838472366333,-0.8690319968567483,-0.4947558877256264
2825,-0.853638231754303,-0.4915114939212799,-0.8673858063975498,-0.4976362756673514
2826,-0.8584572076797485,-0.4998810291290283,-0.8672570252311799,-0.4978606754777532
2827,-0.8475115299224854,-0.4994669556617737,-0.8635108452805444,-0.5043302688545271
2828,-0.8373162746429443,-0.5115429162979126,-0.8626293117953088,-0.5058366044796995
2829,-0.8338136672973633,-0.5159581303596497,-0.8640741733908903,-0.5033645029984232
2830,-0.8378434181213379,-0.5137082934379578,-0.860657269193519,-0.5091847061571612
2831,-0.8421787023544312,-0.5091520547866821,-0.8634131103434804,-0.504497572726566
2832,-0.8460577726364136,-0.5013067722320557,-0.8590543265396738,-0.5118844245075909
2833,-0.8552471399307251,-0.49097514152526855,-0.8574633305507837,-0.5145450774818057
2834,-0.8683388233184814,-0.48022234439849854,-0.8598933209965418,-0.5104737765111331
2835,-0.8805590867996216,-0.4671582281589508,-0.8611298809019804,-0.5083850196629924
2836,-0.8783291578292847,-0.4725987911224365,-0.8374634604233518,-0.5464933233405006
2837,-0.8680903911590576,-0.4880440831184387,-0.8444722592999951,-0.5355992935700735
2838,-0.86918044090271,-0.48694705963134766,-0.8378594452344443,-0.5458860229310045
2839,-0.8700315952301025,-0.4858662784099579,-0.8361337961314641,-0.5485255463210325
2840,-0.8705658912658691,-0.48319530487060547,-0.8414575826540912,-0.5403231779166364
2841,-0.8739281892776489,-0.4767351746559143,-0.8405567135872746,-0.541723556108981
2842,-0.8743624091148376,-0.470298171043396,-0.8467043727506183,-0.5320636288687492
2843,-0.8736768960952759,-0.46501725912094116,-0.8439198599380656,-0.5364692628679818
2844,-0.8767884969711304,-0.4597093462944031,-0.8282395409462784,-0.5603742167633144
2845,-0.8775333166122437,-0.45672088861465454,-0.8265933063893545,-0.5627997031203151
2846,-0.8799996376037598,-0.4541413486003876,-0.819445602930854,-0.573156962652718
2847,-0.8933041095733643,-0.4348306655883789,-0.8466119163466933,-0.5322107318532571
2848,-0.8859046697616577,-0.4463774859905243,-0.8600845215044111,-0.5101515616643041
2849,-0.8794688582420349,-0.4680267572402954,-0.8782070808915905,-0.4782805903147978
2850,-0.8535785675048828,-0.4847736358642578,-0.8790028514835881,-0.4768165130149343
2851,-0.8271194696426392,-0.5218328833580017,-0.8760078671928428,-0.4822968138151512
2852,-0.8092478513717651,-0.5501108765602112,-0.8693474650368347,-0.4942013608176625
2853,-0.7939828038215637,-0.5726768970489502,-0.8573773604567617,-0.5146883151735584
2854,-0.8058583736419678,-0.5673957467079163,-0.8447636099021605,-0.5351396484891308
2855,-0.7922887802124023,-0.5723236203193665,-0.8439206317093866,-0.536468048792498
2856,-0.7815552353858948,-0.5880480408668518,-0.8435152806322386,-0.5371051771672991
2857,-0.7776116132736206,-0.5983757972717285,-0.8401841619348993,-0.5423011838764055
2858,-0.777489185333252,-0.6064467430114746,-0.8314753811402016,-0.555561599246885
2859,-0.7783235907554626,-0.6100758910179138,-0.8232886145702686,-0.5676229885399003
2860,-0.781999945640564,-0.6094802021980286,-0.8275605681670405,-0.5613764387779782
2861,-0.7834399938583374,-0.6047583222389221,-0.8353797640781269,-0.5496732208947176
2862,-0.785220742225647,-0.6002218127250671,-0.8238487142066998,-0.5668097530035695
2863,-0.7858515977859497,-0.5972678661346436,-0.808362159192347,-0.588685501423202
2864,-0.7848002910614014,-0.5968443155288696,-0.8202569018023376,-0.5719952928526864
2865,-0.7826976180076599,-0.5999609231948853,-0.8116540282617034,-0.5841384582498828
2866,-0.7843226194381714,-0.5975748896598816,-0.8060031503561477,-0.5919112447115406
2867,-0.7860443592071533,-0.5920435786247253,-0.8101830655038258,-0.5861769360618203
2868,-0.7883021831512451,-0.5841993093490601,-0.8078763390222676,-0.5893520347364367
2869,-0.79334557056427,-0.5738219022750854,-0.7990186976207503,-0.6013061789574758
2870,-0.8003350496292114,-0.5606638193130493,-0.7925374610255392,-0.609823230839226
2871,-0.8108745217323303,-0.5447193384170532,-0.7914801018813863,-0.6111949348005351
2872,-0.8259047269821167,-0.5243421196937561,-0.8105094533441453,-0.5857255552217052
2873,-0.840519905090332,-0.501651406288147,-0.8250676625438002,-0.5650339390023487
2874,-0.8545287251472473,-0.48230308294296265,-0.8548600254655595,-0.5188586867934495
2875,-0.8694596290588379,-0.46284812688827515,-0.8616623805137839,-0.507481962248235
2876,-0.8866572380065918,-0.443107008934021,-0.8744380421841528,-0.4851372077888336
2877,-0.9000482559204102,-0.4244465231895447,-0.8694674227133236,-0.4939902841557217
2878,-0.9096935391426086,-0.40935730934143066,-0.8539158416041164,-0.5204111215736397
2879,-0.9158779978752136,-0.3962712287902832,-0.8581870184260594,-0.513337161527383
2880,-0.9180669784545898,-0.38916146755218506,-0.8526266539340616,-0.5225206110778847
2881,-0.9169564247131348,-0.38654446601867676,-0.8508074211866302,-0.5254776227906912
2882,-0.9140284061431885,-0.3891449570655823,-0.852681233226941,-0.5224315404936641
2883,-0.9099873900413513,-0.3958337903022766,-0.8460651992664779,-0.5330794299071903
2884,-0.9069385528564453,-0.40144234895706177,-0.829622506247416,-0.5583247237296198
2885,-0.9047560691833496,-0.4071040153503418,-0.8299947561237309,-0.557771193956006
2886,-0.8989173173904419,-0.40913063287734985,-0.8278002117768775,-0.5610230025428162
2887,-0.8949705362319946,-0.40939635038375854,-0.8310286268831332,-0.556229647987892
2888,-0.8901615738868713,-0.41068291664123535,-0.8228751391450833,-0.568222232385323
2889,-0.8877325057983398,-0.41117262840270996,-0.8253349418271203,-0.5646434572358242
2890,-0.8892886638641357,-0.41088059544563293,-0.8287351230112013,-0.5596410419971082
2891,-0.8920056819915771,-0.40819185972213745,-0.8380634434506883,-0.5455727859338064
2892,-0.8953610062599182,-0.40498220920562744,-0.8433635530403635,-0.5373433887218992
2893,-0.8965339064598083,-0.40334242582321167,-0.8370688354747282,-0.5470975824082779
2894,-0.8995238542556763,-0.39990943670272827,-0.8435026018677065,-0.5371250884499897
2895,-0.9002996683120728,-0.39655357599258423,-0.8411180432031066,-0.5408515853708639
2896,-0.9020994305610657,-0.3950729966163635,-0.8372960487312672,-0.5467497844343493
2897,-0.9076670408248901,-0.3878834843635559,-0.8468042160830788,-0.5319047091574979
2898,-0.9186818599700928,-0.3690448999404907,-0.8659700381753693,-0.5000958837888484
2899,-0.9223591089248657,-0.35869061946868896,-0.8665286737578265,-0.4991272959431314
2900,-0.9247482419013977,-0.35263872146606445,-0.8783915648349166,-0.477941689776971
2901,-0.9307997226715088,-0.34264707565307617,-0.896735778243919,-0.4425663159542002
2902,-0.9293438196182251,-0.3407987356185913,-0.8976144946482219,-0.4407813732423561
2903,-0.9300705194473267,-0.33788853883743286,-0.9013116066662298,-0.4331713144804716
2904,-0.9289286136627197,-0.3375595808029175,-0.8977066873315378,-0.4405935808885968
2905,-0.9291935563087463,-0.3364037275314331,-0.8915504871135925,-0.4529213275255602
2906,-0.9334354400634766,-0.33275526762008667,-0.892624919507387,-0.4508001254152785
2907,-0.936550498008728,-0.32838115096092224,-0.8881422095041761,-0.4595687279363556
2908,-0.9382108449935913,-0.3263888359069824,-0.8939284361731207,-0.4482097176557855
2909,-0.9394518136978149,-0.3246019780635834,-0.883859869937578,-0.4677517828014422
2910,-0.9379611611366272,-0.32497256994247437,-0.8847346679025799,-0.4660950197237808
2911,-0.9339379072189331,-0.32720518112182617,-0.8959894820552784,-0.4440752729507847
2912,-0.9294407367706299,-0.33246850967407227,-0.9071301835287364,-0.4208501278734756
2913,-0.9237639904022217,-0.33893153071403503,-0.906076378922569,-0.4231141637413775
2914,-0.9161404967308044,-0.35267436504364014,-0.8928085941597893,-0.4504362487571584
2915,-0.9094387292861938,-0.3669588267803192,-0.902846113886545,-0.4299638294554134
2916,-0.9047959446907043,-0.37398046255111694,-0.8977286033683617,-0.4405489242913784
2917,-0.9001898765563965,-0.3786158561706543,-0.9044645751026544,-0.4265487456134118
2918,-0.8981775045394897,-0.38220396637916565,-0.9192945538550092,-0.3935702265829056
2919,-0.8989702463150024,-0.3817841708660126,-0.9124811427155658,-0.4091187653829818
2920,-0.9046875834465027,-0.37154388427734375,-0.9124920730147495,-0.409094386034867
2921,-0.9122151136398315,-0.3526131808757782,-0.9122358324997314,-0.40966545607791
2922,-0.9078332185745239,-0.3591841459274292,-0.9207589640794605,-0.3901319393068441
2923,-0.9118599891662598,-0.356330931186676,-0.9166725204295482,-0.3996392001410018
2924,-0.9176949262619019,-0.35378754138946533,-0.9232649666079408,-0.3841637690288322
2925,-0.9220966696739197,-0.35064125061035156,-0.936359605314321,-0.3510422902380977
2926,-0.9279043674468994,-0.339468777179718,-0.9453650948455132,-0.3260135540859214
2927,-0.9303977489471436,-0.3298479914665222,-0.945565536213449,-0.3254317389643684
2928,-0.9321140050888062,-0.3213406801223755,-0.94563912519165,-0.3252178422331269
2929,-0.9317759871482849,-0.31693580746650696,-0.9492414426764249,-0.3145483802304183
2930,-0.9320352077484131,-0.3164108693599701,-0.9492623669853788,-0.3144852279922158
2931,-0.9309619665145874,-0.31961822509765625,-0.9484091721126544,-0.3170489587628222
2932,-0.9268452525138855,-0.3262280225753784,-0.9499057839559808,-0.3125364004511694
2933,-0.9257973432540894,-0.333342969417572,-0.9531050905558056,-0.3026395320453185
2934,-0.9257014989852905,-0.3411850929260254,-0.9529141388130652,-0.3032402414755569
2935,-0.9263054132461548,-0.34505730867385864,-0.9572541293117292,-0.2892482185176659
2936,-0.9237865209579468,-0.35017406940460205,-0.955244036288008,-0.2958189161230141
2937,-0.9240518808364868,-0.3536711037158966,-0.9524487723276868,-0.3046987628650345
2938,-0.9264501333236694,-0.35275331139564514,-0.9473319178787568,-0.3202533955606975
2939,-0.9252877235412598,-0.3492741882801056,-0.9393029098054124,-0.3430889733452322
2940,-0.9242192506790161,-0.3463072180747986,-0.9314598985479744,-0.3638440014580383
2941,-0.9243566989898682,-0.3425358831882477,-0.9349167737927718,-0.3548670540933818
2942,-0.9216743111610413,-0.341882586479187,-0.940075971755174,-0.3409650529432088
2943,-0.9220107197761536,-0.33939680457115173,-0.9405575504527356,-0.3396343538076642
2944,-0.9247686266899109,-0.3348644971847534,-0.9475795734984394,-0.3195198771414946
2945,-0.9268226623535156,-0.32785606384277344,-0.9488458709888844,-0.3157396286615689
2946,-0.9297724366188049,-0.321479469537735,-0.932426569870515,-0.3613595049248126
2947,-0.9198794960975647,-0.3477414548397064,-0.933066994830134,-0.3597026315703888
2948,-0.9171531796455383,-0.3499462604522705,-0.9388747058919652,-0.3442590400211381
2949,-0.9211029410362244,-0.34773164987564087,-0.941432960767122,-0.3372002081571871
2950,-0.9259043335914612,-0.34259533882141113,-0.9525322690508964,-0.3044376396189382
2951,-0.9314438104629517,-0.3333268165588379,-0.965336969746437,-0.2610067716377613
2952,-0.9335065484046936,-0.3264460563659668,-0.9706267669045006,-0.2405902728052742
2953,-0.9335078001022339,-0.323811411857605,-0.9686034565945634,-0.2486108281492658
2954,-0.9337149858474731,-0.32061150670051575,-0.9699291653164248,-0.2433873749161688
2955,-0.9338881373405457,-0.32033294439315796,-0.965727951342017,-0.2595563984893278
2956,-0.931178867816925,-0.32314616441726685,-0.965211736387962,-0.2614695086218191
2957,-0.9268753528594971,-0.3291732668876648,-0.9612433073333264,-0.2757014764321872
2958,-0.9236890077590942,-0.3381921648979187,-0.9625133573747452,-0.2712342841072935
2959,-0.9232234954833984,-0.3468887209892273,-0.9638560563959284,-0.2664235397799692
2960,-0.9229092597961426,-0.35336536169052124,-0.9626253811242804,-0.2708364370156536
2961,-0.9213926792144775,-0.35606876015663147,-0.9659432946791326,-0.2587538433809675
2962,-0.9189184904098511,-0.3544563055038452,-0.958478667024922,-0.2851642418995213
2963,-0.9165809750556946,-0.35303306579589844,-0.946753082904344,-0.3219605566076691
2964,-0.9221636652946472,-0.3490625321865082,-0.9368808580751636,-0.3496487634360301
2965,-0.9257112741470337,-0.3459097743034363,-0.9196932677588384,-0.3926376105763046
2966,-0.9224681854248047,-0.34806764125823975,-0.9175964530502214,-0.3975132065097369
2967,-0.9175520539283752,-0.3542770743370056,-0.9211265705236926,-0.3892632028271626
2968,-0.9128117561340332,-0.3643503189086914,-0.90555031574404,-0.4242388780579514
2969,-0.9081616997718811,-0.3736788034439087,-0.8941249648933852,-0.4478175377923498
2970,-0.9033181667327881,-0.3827594518661499,-0.8867256543604668,-0.4622960241003614
2971,-0.8993563055992126,-0.38844388723373413,-0.8871806085993448,-0.461422331194857
2972,-0.8925372362136841,-0.3929615616798401,-0.8861239226571826,-0.4634483721998032
2973,-0.8812344074249268,-0.4006449282169342,-0.8875269233837698,-0.4607558575525003
2974,-0.8801072835922241,-0.4053715169429779,-0.8812875416542638,-0.4725804364602751
2975,-0.8799121379852295,-0.407268226146698,-0.8798866958493389,-0.4751835460822829
2976,-0.8815721273422241,-0.40333718061447144,-0.8834057687270689,-0.4686088430447472
2977,-0.8852658867835999,-0.39649254083633423,-0.8932026876738516,-0.4496542657778395
2978,-0.8898802995681763,-0.3899497389793396,-0.8978063510121469,-0.4403904586639607
2979,-0.9002708196640015,-0.38300418853759766,-0.8874051030421294,-0.4609904370968964
2980,-0.9046642780303955,-0.3799288272857666,-0.896500367120162,-0.4430429908636573
2981,-0.9053026437759399,-0.3827427625656128,-0.8976589006261938,-0.4406909326575407
2982,-0.9044845104217529,-0.39040157198905945,-0.8960807108724965,-0.443891157382349
2983,-0.9025729298591614,-0.39876610040664673,-0.883118749346129,-0.4691495225973581
2984,-0.8993333578109741,-0.40799856185913086,-0.87893525387876,-0.4769411069399235
2985,-0.8940138816833496,-0.42133522033691406,-0.8593150044334914,-0.5114466962993002
2986,-0.8912662267684937,-0.4334315061569214,-0.8376229728018412,-0.5462488036001599
2987,-0.8927004337310791,-0.44267886877059937,-0.8290753937779545,-0.559136827111155
2988,-0.8937998414039612,-0.44574886560440063,-0.8277075333073732,-0.5611597270886638
2989,-0.8909907937049866,-0.44864559173583984,-0.814842891620004,-0.5796818627284714
2990,-0.8869964480400085,-0.4521738290786743,-0.8158920704811348,-0.578204228042313
2991,-0.8836997747421265,-0.45426666736602783,-0.8090181207800933,-0.5877837019256712
2992,-0.8791825771331787,-0.4566214680671692,-0.8134570141857885,-0.5816250390689365
2993,-0.8737079501152039,-0.4593742787837982,-0.7970292605363383,-0.6039406906716072
2994,-0.8709891438484192,-0.4594714045524597,-0.768890777325967,-0.6393801471292881
2995,-0.8672428727149963,-0.4569682478904724,-0.7549664024669787,-0.655763471951639
2996,-0.8692050576210022,-0.44992220401763916,-0.7480313061622191,-0.6636634425680267
2997,-0.8760253190994263,-0.4382460117340088,-0.7297084706500543,-0.6837583987502888
2998,-0.8833123445510864,-0.4235962927341461,-0.7244971574853161,-0.6892777878299119
2999,-0.8773084878921509,-0.4479197561740875,-0.731117351472446,-0.6822517265466727
3000,-0.8846490383148193,-0.45194026827812195,-0.7437841549696091,-0.6684198761378543
3001,-0.8656993508338928,-0.45664143562316895,-0.7687961344815603,-0.6394939433694511
3002,-0.8656874895095825,-0.4687991142272949,-0.7836570341173125,-0.6211937321628876
3003,-0.8665847778320312,-0.4643152356147766,-0.798101424657361,-0.6025231248341352
3004,-0.8710377216339111,-0.4565838575363159,-0.8126471775417003,-0.5827560079771879
3005,-0.8805659413337708,-0.4443511664867401,-0.8329554457577458,-0.5533400630557261
3006,-0.8863836526870728,-0.4321579933166504,-0.8416996737109264,-0.5399459781079217
3007,-0.8864021301269531,-0.42474037408828735,-0.8505741288218205,-0.5258551619780879
3008,-0.8858596086502075,-0.4226912260055542,-0.8392556711312096,-0.5437369938436257
3009,-0.88216632604599,-0.42832237482070923,-0.8398094530172234,-0.5428812785710261
3010,-0.8800487518310547,-0.4358507990837097,-0.8471190227049267,-0.5314032003775004
3011,-0.8771366477012634,-0.44384604692459106,-0.8489257405642524,-0.528512144616787
3012,-0.874027669429779,-0.4519694447517395,-0.8576522564821366,-0.5142301108950149
3013,-0.8709754347801208,-0.4598653316497803,-0.8633785022768747,-0.5045567974035635
3014,-0.869300127029419,-0.4665205478668213,-0.8458452153059202,-0.5334284129516176
3015,-0.8698978424072266,-0.47007209062576294,-0.8305340143273151,-0.5569679084519638
3016,-0.8729403018951416,-0.46630316972732544,-0.826128884615769,-0.5634812028839165
3017,-0.8739475011825562,-0.4615013003349304,-0.8385313392277746,-0.5448533684697883
3018,-0.8754024505615234,-0.45402565598487854,-0.8555847833243698,-0.5176627073141267
3019,-0.8790172338485718,-0.44513604044914246,-0.8570891556932163,-0.5151681077018351
3020,-0.8853424787521362,-0.43473613262176514,-0.8613940491236655,-0.5079372915373868
3021,-0.8902391195297241,-0.4220711588859558,-0.8694028538550551,-0.4941039138771171
3022,-0.8956457376480103,-0.4111894965171814,-0.8593011256837074,-0.5114700141735713
3023,-0.9023692607879639,-0.4000972807407379,-0.851311788827409,-0.5246601168408715
3024,-0.9106227159500122,-0.38994723558425903,-0.8231741934411039,-0.5677889108221365
3025,-0.9224495887756348,-0.3769131302833557,-0.8185259749199479,-0.5744695191055386
3026,-0.9305136799812317,-0.3646930456161499,-0.8224124312219611,-0.5688917234163133
3027,-0.9345505237579346,-0.35320085287094116,-0.8233409802438381,-0.5675470291095848
3028,-0.9364383220672607,-0.345499724149704,-0.8398424254479312,-0.5428302685165374
3029,-0.9325680732727051,-0.34346288442611694,-0.836242247297995,-0.5483601953406164
3030,-0.928277850151062,-0.34373313188552856,-0.8312084399365646,-0.5559609063398455
3031,-0.9231024384498596,-0.34659647941589355,-0.8260987373584018,-0.5635253997246746
3032,-0.9195613265037537,-0.3492104709148407,-0.8344890279467518,-0.5510245568361588
3033,-0.9142171740531921,-0.354339063167572,-0.8482120405850151,-0.5296568079488875
3034,-0.9040752053260803,-0.36570924520492554,-0.8576199562836716,-0.5142839785410326
3035,-0.895850658416748,-0.38033294677734375,-0.8457882856694809,-0.5335186742976111
3036,-0.8904513120651245,-0.3931412100791931,-0.8405804129074552,-0.5416867816703044
3037,-0.8869047164916992,-0.4020468294620514,-0.8404153303163547,-0.5419428683627567
3038,-0.884076714515686,-0.4094145894050598,-0.8227618839790536,-0.5683862087271633
3039,-0.8851843476295471,-0.41225212812423706,-0.8006399046051491,-0.5991458446437375
3040,-0.886189341545105,-0.4131655693054199,-0.7955918609183377,-0.6058329727247408
3041,-0.8919190168380737,-0.4101659655570984,-0.7928559180211883,-0.6094091345383484
3042,-0.9007158875465393,-0.4019089937210083,-0.7920199064022867,-0.6104952644062958
3043,-0.8784899711608887,-0.4274255037307739,-0.7890666727049382,-0.6143075663105232
3044,-0.8529856204986572,-0.47267383337020874,-0.784275446331866,-0.6204127853944923
3045,-0.8170285224914551,-0.5157734155654907,-0.7627616858080394,-0.6466796816533498
3046,-0.8290098905563354,-0.5341379642486572,-0.746756794241307,-0.6650972036134616
3047,-0.8114480376243591,-0.5441440939903259,-0.7113507821884199,-0.7028371537418346
3048,-0.8060183525085449,-0.5577504634857178,-0.7314597004780374,-0.6818846724898424
3049,-0.813416600227356,-0.5483692288398743,-0.7263589586456008,-0.6873155484893952
3050,-0.8343531489372253,-0.5274133086204529,-0.720223504613394,-0.6937421015063165
3051,-0.8532470464706421,-0.50303715467453,-0.7248422960807486,-0.688914832045579
3052,-0.8692765235900879,-0.48189079761505127,-0.7303123163821245,-0.6831134024015161
3053,-0.8781987428665161,-0.4678446054458618,-0.7389498890327604,-0.6737603887870458
3054,-0.8810325860977173,-0.4604685306549072,-0.7362474336733599,-0.6767124325807762
3055,-0.8780386447906494,-0.4605627655982971,-0.7527405191432834,-0.6583173329329102
3056,-0.8709327578544617,-0.46747124195098877,-0.771879731854837,-0.6357685738943888
3057,-0.8610747456550598,-0.4805636405944824,-0.7871779845359024,-0.616725887783215
3058,-0.852955162525177,-0.4936920404434204,-0.790713862714653,-0.6121859091083955
3059,-0.844355583190918,-0.5064933896064758,-0.788592123312213,-0.6149166309752369
3060,-0.8380684852600098,-0.5162016749382019,-0.7854522743931367,-0.6189222282731883
3061,-0.8340354561805725,-0.5213874578475952,-0.7995636289582739,-0.6005813876961853
3062,-0.8298300504684448,-0.526323139667511,-0.7965254474112415,-0.6046050046322157
3063,-0.8318673372268677,-0.5245619416236877,-0.7796726087101946,-0.6261873707022841
3064,-0.8376158475875854,-0.51739501953125,-0.7907894234357491,-0.6120883006414642
3065,-0.8449808359146118,-0.5084319710731506,-0.7969856759232595,-0.6039982056042428
3066,-0.8233546614646912,-0.5363754630088806,-0.7857585047493427,-0.6185334042831294
3067,-0.808066189289093,-0.5655871629714966,-0.7806887692271026,-0.6249200313661514
3068,-0.7782429456710815,-0.5891363620758057,-0.7678995632745939,-0.6405702621279636
3069,-0.7581714391708374,-0.6168569922447205,-0.7349846701068005,-0.6780837224915502
3070,-0.7753794193267822,-0.6137838363647461,-0.7193521169866475,-0.6946456159703512
3071,-0.7590363025665283,-0.6090970635414124,-0.7046505102485149,-0.7095545492818065
3072,-0.756879985332489,-0.6188737750053406,-0.6710747209155493,-0.741389721366649
3073,-0.7649914026260376,-0.6169414520263672,-0.6660808557753699,-0.7458795436057694
3074,-0.7776735424995422,-0.6090735793113708,-0.6837535297515217,-0.7297130330152634
3075,-0.7837846279144287,-0.6044010519981384,-0.686731593239651,-0.7269110804262998
3076,-0.7830296754837036,-0.6015977263450623,-0.6842549067371987,-0.729242910562775
3077,-0.7803896069526672,-0.6020986437797546,-0.6737078533493112,-0.7389977864212199
3078,-0.7726167440414429,-0.6065121293067932,-0.6724090551270775,-0.7401797501844474
3079,-0.763791561126709,-0.6126117706298828,-0.6802062654467586,-0.7330207612659916
3080,-0.7564908266067505,-0.6181706786155701,-0.6760309609222444,-0.7368732183181493
3081,-0.7525289058685303,-0.620898425579071,-0.6923341617963439,-0.7215770287431231
3082,-0.7520711421966553,-0.6195681691169739,-0.6652566478568105,-0.7466147550660378
3083,-0.7553250789642334,-0.6141954064369202,-0.668243701706976,-0.7439424407364847
3084,-0.7611846923828125,-0.6070604920387268,-0.6611380265106025,-0.7502642933671213
3085,-0.767340898513794,-0.5994648337364197,-0.6676658952982008,-0.7444610481789171
3086,-0.7736929655075073,-0.5917681455612183,-0.6788117612311276,-0.734312326475795
3087,-0.7495639324188232,-0.6221535801887512,-0.6739558213152724,-0.7387716500484142
3088,-0.7371644377708435,-0.6343453526496887,-0.6833562923341485,-0.7300850482836405
3089,-0.7157028913497925,-0.6451913714408875,-0.6645096894732704,-0.7472796481881049
3090,-0.6995230317115784,-0.6622697114944458,-0.6606534462548733,-0.7506910309518552
3091,-0.6817692518234253,-0.6808155179023743,-0.6362139334489979,-0.7715126900352022
3092,-0.6643717288970947,-0.6986838579177856,-0.6233357847968366,-0.7819542821621427
3093,-0.6464229226112366,-0.7164584398269653,-0.6025817956435923,-0.7980571280045959
3094,-0.6251501441001892,-0.7356513738632202,-0.5803818565810185,-0.8143444606255821
3095,-0.6566232442855835,-0.7224330306053162,-0.5693017884496241,-0.8221286235547692
3096,-0.64445960521698,-0.7148421406745911,-0.5533376496458402,-0.832957049003379
3097,-0.6473896503448486,-0.7227429151535034,-0.5479224865175263,-0.8365291081417617
3098,-0.6585725545883179,-0.7201934456825256,-0.5658891586163567,-0.8244813279635094
3099,-0.6733354926109314,-0.7128229737281799,-0.549247559809844,-0.8356596903302994
3100,-0.6793426871299744,-0.708669126033783,-0.5487643944357553,-0.8359770567423239
3101,-0.67985999584198,-0.7071772813796997,-0.5474247020330109,-0.8368549429883708
3102,-0.6765169501304626,-0.7088168263435364,-0.5402567058279601,-0.8415002625120928
3103,-0.6722940802574158,-0.7117373943328857,-0.5425013411645903,-0.8400549356051786
3104,-0.6699151396751404,-0.7126361131668091,-0.5439134704603623,-0.8391413091081648
3105,-0.6687330603599548,-0.711132287979126,-0.5646440101767046,-0.8253345635386716
3106,-0.668020486831665,-0.7084977030754089,-0.571795898203571,-0.820395911007345
3107,-0.6693979501724243,-0.7034915685653687,-0.5758561407925454,-0.8175510412882587
3108,-0.6727880835533142,-0.6958057284355164,-0.5894508610319145,-0.8078042352134177
3109,-0.6787923574447632,-0.686896026134491,-0.6041365925823546,-0.7968807799809091
3110,-0.6490940451622009,-0.7217830419540405,-0.6150409441567073,-0.7884951724714782
3111,-0.632714033126831,-0.7328734993934631,-0.6256101278868096,-0.7801358650167609
3112,-0.611762285232544,-0.7490507364273071,-0.6184365368558682,-0.7858347471839867
3113,-0.6047617197036743,-0.7619431614875793,-0.610089668426071,-0.7923323775283746
3114,-0.5956374406814575,-0.7666300535202026,-0.6260750493441176,-0.7797628053381109
3115,-0.5886865258216858,-0.7726165056228638,-0.620605448178521,-0.7841229990831394
3116,-0.584101676940918,-0.7767032384872437,-0.5985670137806555,-0.8010727370306073
3117,-0.5825740098953247,-0.7771216034889221,-0.5949611227246905,-0.8037544789587028
3118,-0.5824596881866455,-0.7789164781570435,-0.5812713677597527,-0.8137097744421572
3119,-0.5782478451728821,-0.7828770875930786,-0.5759392051623937,-0.8174925271566158
3120,-0.5765722990036011,-0.7856747508049011,-0.5604227373225518,-0.8282067106054491
3121,-0.5766156911849976,-0.7873634099960327,-0.5712977183757973,-0.8207429055304761
3122,-0.5701388716697693,-0.7920869588851929,-0.6007710438644474,-0.7994211361066346
3123,-0.6271722316741943,-0.7624753713607788,-0.5905547856183845,-0.8069975496760966
3124,-0.6230027675628662,-0.745978057384491,-0.5706435627123735,-0.8211978594315316
3125,-0.6293507814407349,-0.744287371635437,-0.5654867462905876,-0.8247573823674964
3126,-0.636070966720581,-0.7369301319122314,-0.5913093711867147,-0.8064448075018972
3127,-0.6411716341972351,-0.7311912775039673,-0.5999698659223567,-0.8000225996714776
3128,-0.6462907195091248,-0.7267122864723206,-0.6101009901296652,-0.7923236597772416
3129,-0.6507506966590881,-0.7241493463516235,-0.620788184102615,-0.7839783354650673
3130,-0.6565303206443787,-0.7195963263511658,-0.6226291980946911,-0.7825170168628679
3131,-0.662267804145813,-0.7132744193077087,-0.6422964117108871,-0.7664563389413115
3132,-0.6673141121864319,-0.7064215540885925,-0.6452715285901682,-0.7639533064205611
3133,-0.6739140748977661,-0.6977746486663818,-0.6582071871781575,-0.7528368340796151
3134,-0.6413084268569946,-0.7398800253868103,-0.6690509896414751,-0.7432165049699601
3135,-0.6370590925216675,-0.7446385622024536,-0.6831883447744823,-0.7302422102044657
3136,-0.633404016494751,-0.743893563747406,-0.6989697580961008,-0.715151226851411
3137,-0.6355463862419128,-0.7472163438796997,-0.6836949092185927,-0.7297679570305758
3138,-0.6261993646621704,-0.7542129158973694,-0.6802057484449451,-0.7330212410172382
3139,-0.6164339184761047,-0.7629801034927368,-0.6745245868480498,-0.7382523834959611
3140,-0.6096466779708862,-0.7730178833007812,-0.6767252678290107,-0.736235636112348
3141,-0.6054834127426147,-0.7766696810722351,-0.6602883295553361,-0.7510121982052115
3142,-0.5996302366256714,-0.78087317943573,-0.6489666614066046,-0.7608168454909272
3143,-0.5952138900756836,-0.7834314107894897,-0.6241010895193738,-0.7813436056311784
3144,-0.5892962217330933,-0.7894296050071716,-0.606271233040991,-0.7952579405368779
3145,-0.63926762342453,-0.7575768232345581,-0.6265284781404197,-0.7793985284044675
3146,-0.6321077346801758,-0.7450003027915955,-0.6279784077005902,-0.7782307623461253
3147,-0.6356483697891235,-0.7451621890068054,-0.6334616537575759,-0.7737740840960732
3148,-0.6463466882705688,-0.7393485903739929,-0.6189167495017932,-0.7854565915352258
3149,-0.6510465741157532,-0.7360295653343201,-0.5976865138510126,-0.8017298991310124
3150,-0.6521250009536743,-0.7366992831230164,-0.5997239720899064,-0.8002069465461451
3151,-0.6515118479728699,-0.7365156412124634,-0.5812474618517081,-0.8137268510323026
3152,-0.6504471302032471,-0.7372455596923828,-0.5861521365473844,-0.8102010076647254
3153,-0.6527085304260254,-0.7354255318641663,-0.5764937653154768,-0.8171015472708296
3154,-0.652976393699646,-0.7337362170219421,-0.584685753418653,-0.8112598657330844
3155,-0.6561555862426758,-0.7269418239593506,-0.5895064158952296,-0.807763694169502
3156,-0.6114515066146851,-0.7789567708969116,-0.6011896757193953,-0.7991063595094262
3157,-0.5928329229354858,-0.7916133403778076,-0.600730229714983,-0.7994518066191255
3158,-0.5768798589706421,-0.7977380752563477,-0.5822441056737676,-0.8130140228853094
3159,-0.5716317296028137,-0.8027470111846924,-0.5663826541881278,-0.8241423960911195
3160,-0.5644062757492065,-0.8046257495880127,-0.5744404156846125,-0.8185463999237244
3161,-0.5501513481140137,-0.8138158321380615,-0.560544185286954,-0.8281245174132842
3162,-0.5334165096282959,-0.8271058201789856,-0.5558704889281045,-0.8312689092819664
3163,-0.5260991454124451,-0.8330846428871155,-0.5360587362419713,-0.8441806864046705
3164,-0.5206080675125122,-0.8378145098686218,-0.5036601758482051,-0.8639018620564232
3165,-0.5169020891189575,-0.8406568765640259,-0.4631190320996058,-0.8862960916686501
3166,-0.5118465423583984,-0.8436375856399536,-0.4426701693248816,-0.8966845159753126
3167,-0.5016695261001587,-0.8486793637275696,-0.3988827097008456,-0.9170019541427984
3168,-0.4864922761917114,-0.8540329337120056,-0.376079557026893,-0.926587376768352
3169,-0.4752221703529358,-0.8576546907424927,-0.3593882470797582,-0.9331881310116084
3170,-0.45871827006340027,-0.8624874353408813,-0.3466207927847204,-0.9380053443394084
3171,-0.441765159368515,-0.8697999119758606,-0.3337703567959711,-0.942654416487978
3172,-0.49115198850631714,-0.8528457283973694,-0.2833230282449081,-0.9590245365297672
3173,-0.46815958619117737,-0.8534820079803467,-0.2676184471095031,-0.9635249694567848
3174,-0.4578203558921814,-0.8683395385742188,-0.2563390751890848,-0.9665869223878444
3175,-0.4552357792854309,-0.8615316152572632,-0.2319948165048114,-0.9727170221163496
3176,-0.4578983783721924,-0.8595366477966309,-0.220070194613336,-0.9754840385382266
3177,-0.46505850553512573,-0.8521363139152527,-0.2386928249290261,-0.9710951216680068
3178,-0.43432289361953735,-0.8974610567092896,-0.2427962622756059,-0.970077303633579
3179,-0.4191455841064453,-0.8919315338134766,-0.2081872455524752,-0.9780889891974418
3180,-0.4112697243690491,-0.8865318298339844,-0.2029770631692631,-0.9791834924196696
3181,-0.4037911295890808,-0.891260027885437,-0.1962160593590753,-0.9805606855516876
3182,-0.38927215337753296,-0.8991841077804565,-0.1928862307957511,-0.9812211279672938
3183,-0.3756198585033417,-0.9094663858413696,-0.1614089011032736,-0.9868876160154376
3184,-0.3654523193836212,-0.9136542081832886,-0.1331285857833543,-0.9910987739107158
3185,-0.35478827357292175,-0.9149684906005859,-0.0899270231265306,-0.9959483573517256
3186,-0.3417142629623413,-0.9136867523193359,-0.0575389041799348,-0.998343264867236
3187,-0.33534836769104004,-0.9137523174285889,-0.0177737047631885,-0.9998420352330616
3188,-0.33553099632263184,-0.9081016778945923,0.0399079146571194,-0.9992033618576952
3189,-0.33854159712791443,-0.9031835794448853,0.0535663570148136,-0.99856429206945
3190,-0.34010541439056396,-0.9047811627388,0.0581251786665514,-0.998309302573597
3191,-0.2293667048215866,-0.9340235590934753,0.0684146865275248,-0.9976569704399104
3192,-0.19508911669254303,-0.9463914632797241,0.061544265948426,-0.9981043549293176
3193,-0.16251316666603088,-0.9507704973220825,0.0573750819494935,-0.9983526931757578
3194,-0.13298337161540985,-0.9620649814605713,0.0281018953040894,-0.9996050637528392
3195,-0.11014342308044434,-0.965131938457489,0.0234970165894779,-0.9997239069920224
3196,-0.09141862392425537,-0.9657579660415649,0.0236800659632655,-0.9997195879225212
3197,-0.14888687431812286,-0.9646730422973633,0.0308671873186521,-0.9995234948449362
3198,-0.14413587749004364,-0.9520235657691956,0.0403052143197458,-0.9991874147018864
3199,-0.1422531008720398,-0.9451282024383545,0.0450031322696121,-0.9989868458022476
3200,-0.13607165217399597,-0.9466923475265503,0.0500258144687927,-0.9987479250975864
3201,-0.1294972449541092,-0.9505186080932617,0.0568686553125114,-0.9983816685230888
3202,-0.12256157398223877,-0.9515987634658813,0.061975535765103,-0.998077668804702
3203,-0.11592911183834076,-0.9528033137321472,0.0665058950334632,-0.9977860321360476
3204,-0.11029259860515594,-0.9534680843353271,0.0528469699240732,-0.9986026225530574
3205,-0.10876546800136566,-0.9531468749046326,0.0504928741785781,-0.9987244212780552
3206,-0.11023008823394775,-0.9539070129394531,0.040647163521381,-0.9991735625494031
3207,-0.11187101900577545,-0.9573548436164856,0.0365648024461888,-0.999331284020505
3208,-0.11104431748390198,-0.9603307247161865,0.0198193860181203,-0.9998035766778716
3209,-0.11474378407001495,-0.9620413780212402,0.028572657560217,-0.999591718272989
3210,-0.11347618699073792,-0.9635043740272522,0.0195402981832581,-0.99980907014635
3211,-0.11399249732494354,-0.9636090993881226,0.0232757628119546,-0.9997290827346784
3212,-0.11442755162715912,-0.9656920433044434,0.0184126597871179,-0.999830472610014
3213,-0.10926781594753265,-0.9689366817474365,0.0294389314119916,-0.9995665807325294
3214,-0.10388321429491043,-0.9716489911079407,0.0411013210300448,-0.9991549836785008
3215,-0.09991049766540527,-0.9743157029151917,0.0699891741072421,-0.9975477509912928
3216,-0.10403342545032501,-0.9732890725135803,0.0817521948257746,-0.996652687068654
3217,-0.11489266157150269,-0.9697339534759521,0.0844267269882459,-0.9964296903294544
3218,-0.03096063993871212,-0.9726832509040833,0.0772776780027347,-0.9970096090221526
3219,-0.0119858980178833,-0.9767832159996033,0.0777501053547509,-0.9969728788273656
3220,0.007326673716306686,-0.9750360250473022,0.0921229242480094,-0.9957476421403144
3221,0.026246707886457443,-0.9717636704444885,0.0870918327983342,-0.996200287422076
3222,0.045658763498067856,-0.9668010473251343,0.080566544178871,-0.9967492322340028
3223,0.06849943101406097,-0.9652377963066101,0.0876071445492922,-0.996155102493542
3224,0.09075890481472015,-0.9651332497596741,0.0914733933355902,-0.9958075207145568
3225,0.11173458397388458,-0.9678241610527039,0.112524091573649,-0.9936489967868558
3226,0.060136642307043076,-0.9956809282302856,0.1216197895376582,-0.9925767611589624
3227,0.06852388381958008,-0.9736307859420776,0.1062528262312165,-0.994339145823938
3228,0.07405772805213928,-0.9627608060836792,0.0937957045036137,-0.99559146531932
3229,0.07975560426712036,-0.9662777185440063,0.0637905008600167,-0.9979633119509096
3230,0.07810564339160919,-0.966293454170227,0.0760216793441342,-0.9971061649943288
3231,0.06776203215122223,-0.9676339626312256,0.0741745577579624,-0.9972452732309192
3232,0.053953979164361954,-0.9695067405700684,0.0749797501965336,-0.9971850565769952
3233,0.0370168574154377,-0.9740216732025146,0.0983841345384918,-0.9951485125704164
3234,0.028599347919225693,-0.9790409803390503,0.1112422854035379,-0.9937933155028756
3235,0.02988821640610695,-0.982061505317688,0.1319638646259478,-0.9912545275725022
3236,0.037895504385232925,-0.9853472709655762,0.1924662783168263,-0.9813035879435426
3237,0.05160040780901909,-0.9845301508903503,0.2430532090311171,-0.9700129574287532
3238,0.06641757488250732,-0.9848014116287231,0.2616627098295792,-0.9651593786958926
3239,0.07898806035518646,-0.9837164878845215,0.2740412955845768,-0.9617179255448692
3240,0.08772845566272736,-0.9823468327522278,0.2814892805828004,-0.9595643724716844
3241,0.08577124774456024,-0.9781855344772339,0.2687535349342032,-0.9632089791215456
3242,0.06549759209156036,-0.9802657961845398,0.2489198682363675,-0.9685240829206
3243,0.1177101880311966,-0.9767633080482483,0.2732723523639238,-0.961936703444404
3244,0.1060335785150528,-0.9687252044677734,0.2601196062065691,-0.9655764032260415
3245,0.09195278584957123,-0.9751704335212708,0.2734982011211934,-0.9618725144131478
3246,0.09040234982967377,-0.9682798981666565,0.2679477983189809,-0.9634334317305014
3247,0.10319642722606659,-0.9651610255241394,0.2687060958167268,-0.9632222142740128
3248,0.12716268002986908,-0.9641158580780029,0.2669064395590369,-0.9637224457912756
3249,0.14810581505298615,-0.9644847512245178,0.2638077812743469,-0.9645752715776548
3250,0.16110770404338837,-0.9641970992088318,0.264318655743721,-0.9644354038637488
3251,0.16730700433254242,-0.9617838263511658,0.2686553806541796,-0.9632363606330264
3252,0.16856984794139862,-0.9613279104232788,0.2619716151754466,-0.9650755788239423
3253,0.16819573938846588,-0.963709831237793,0.2569727161285727,-0.9664186583285238
3254,0.17395980656147003,-0.9648823738098145,0.2585788902911515,-0.9659901435810806
3255,0.18013107776641846,-0.964848518371582,0.2539489056351711,-0.9672176349336788
3256,0.18256230652332306,-0.9647551774978638,0.2677073196024089,-0.9635002807634744
3257,0.19093123078346252,-0.9614647626876831,0.2595468973926878,-0.9657305048789904
3258,0.20221160352230072,-0.9594261050224304,0.273701587847324,-0.9618146603217552
3259,0.22405411303043365,-0.9567333459854126,0.2952612309532234,-0.9554165612422612
3260,0.2452273815870285,-0.9558467268943787,0.3027992579225218,-0.9530543580518218
3261,0.20992626249790192,-0.9744867086410522,0.3052776338354908,-0.9522633912315458
3262,0.2225518673658371,-0.9568146467208862,0.3028492679090404,-0.953038467705768
3263,0.24110718071460724,-0.950585663318634,0.315433552990076,-0.9489476664432328
3264,0.25203901529312134,-0.9580819606781006,0.3533382714692147,-0.9354956258129418
3265,0.24715860188007355,-0.9600516557693481,0.3564953685503723,-0.9342970899034924
3266,0.23392970860004425,-0.9609629511833191,0.3445002728360081,-0.9387862174190224
3267,0.21821673214435577,-0.960924506187439,0.3430570054866563,-0.9393145857413948
3268,0.20808042585849762,-0.9586329460144043,0.3505209485435031,-0.9365548914143595
3269,0.20460505783557892,-0.9547992944717407,0.3414138653946861,-0.9399130664674576
3270,0.20351339876651764,-0.9522900581359863,0.3313976540010641,-0.9434911737385736
3271,0.1984483152627945,-0.9521734714508057,0.3396463105544446,-0.940553232797992
3272,0.18604658544063568,-0.9521045684814453,0.3452495386325807,-0.9385109248559604
3273,0.22129254043102264,-0.9511252641677856,0.3386826773995178,-0.9409006557705728
3274,0.2062557190656662,-0.9477906227111816,0.3467865671903399,-0.9379440691301054
3275,0.17783896625041962,-0.9617337584495544,0.3447483733798751,-0.938695136373855
3276,0.1743173748254776,-0.9538359045982361,0.3239514231796639,-0.9460737156373548
3277,0.1787271648645401,-0.9500805139541626,0.3123338313785212,-0.949972408955341
3278,0.18467511236667633,-0.9500843286514282,0.2928361313557638,-0.9561626431588874
3279,0.19406887888908386,-0.9489675760269165,0.2747671813322981,-0.9615107883236172
3280,0.19976001977920532,-0.9486950039863586,0.277192028834042,-0.9608145394147966
3281,0.2033587247133255,-0.9477500915527344,0.2784488838199767,-0.9604510498195152
3282,0.20681799948215485,-0.9475650787353516,0.2702241175813951,-0.9627974482087892
3283,0.20818419754505157,-0.9499614834785461,0.2474472669736284,-0.9689013624034604
3284,0.20792536437511444,-0.9537351131439209,0.2447056824859292,-0.9695974056066238
3285,0.2061517834663391,-0.9573016166687012,0.2105451224801274,-0.9775841403172558
3286,0.20244762301445007,-0.9599467515945435,0.1439115150428384,-0.989590559695309
3287,0.14067582786083221,-0.9814193248748779,0.1337658209135184,-0.9910129692165146
3288,0.1446949988603592,-0.9584863781929016,0.1110598034782543,-0.9938137250266628
3289,0.15946154296398163,-0.9449290037155151,0.1045465373018692,-0.9945199955446792
3290,0.1771627515554428,-0.9476996660232544,0.1003956565719207,-0.9949475926607858
3291,0.17626218497753143,-0.9514871835708618,0.1012906128223045,-0.9948568800355566
3292,0.15465526282787323,-0.9557094573974609,0.1095561650056348,-0.9939806068074256
3293,0.11984924972057343,-0.962765097618103,0.1055403788620258,-0.9944150182039992
3294,0.08709511160850525,-0.971376895904541,0.1369187187850995,-0.9905822855503964
3295,0.046281639486551285,-0.9801884293556213,0.1332944226005151,-0.991076483881842
3296,0.03503108397126198,-0.9806147813796997,0.1377787343680815,-0.9904630333111528
3297,0.01712574064731598,-0.9811370372772217,0.1572786746540861,-0.9875542610404018
3298,-0.0035952215548604727,-0.9826990365982056,0.1543137907593552,-0.9880218894242566
3299,-0.023611899465322495,-0.9839828610420227,0.1455462956555243,-0.9893514420169178
3300,-0.03358488529920578,-0.9843875765800476,0.1412540212764363,-0.989973384224665
3301,-0.03700964152812958,-0.9828213453292847,0.145762439496889,-0.989319620361345
3302,-0.03467436134815216,-0.9808754920959473,0.1421519198408597,-0.989844852330686
3303,-0.029346156865358353,-0.9781908392906189,0.1455784203111032,-0.9893467155349148
3304,-0.028553735464811325,-0.975559413433075,0.1417543273709187,-0.9899018692131146
3305,-0.027844436466693878,-0.9742311239242554,0.1397912422671349,-0.9901809978915024
3306,-0.02705378830432892,-0.9720696210861206,0.1375048965573491,-0.9905010870376432
3307,-0.025919010862708092,-0.971000075340271,0.1198753145622228,-0.9927889548935404
3308,-0.02294730208814144,-0.9700764417648315,0.1248880598543095,-0.9921708383669752
3309,-0.018654905259609222,-0.9685607552528381,0.1233112640650714,-0.9923680426911552
3310,-0.011430513113737106,-0.9677779674530029,0.1227670522217485,-0.9924355147256584
3311,-0.0013901253696531057,-0.966983437538147,0.1209048786378795,-0.9926640974275032
3312,0.00726081058382988,-0.9665269255638123,0.1192889716344495,-0.9928595778086624
3313,0.01016850396990776,-0.9662283658981323,0.1212290933054107,-0.9926245548727616
3314,0.02133655920624733,-0.966831624507904,0.1201820626087329,-0.992751868206306
3315,0.04259813204407692,-0.9661340117454529,0.1156485074309022,-0.9932902006609168
3316,0.051711346954107285,-0.966241717338562,0.1139004939465161,-0.993492162766642
3317,0.05479354038834572,-0.9671447277069092,0.1120318344253017,-0.9937046181211506
3318,0.054599110037088394,-0.9674866795539856,0.1101444431514111,-0.9939155908037992
3319,0.04861144348978996,-0.9688053131103516,0.1097759050345593,-0.9939563625601696
3320,0.026613611727952957,-0.9710222482681274,0.1075800498150161,-0.9941964257035923
3321,-0.02436198852956295,-0.9722175598144531,0.1059558170789437,-0.9943708386850116
3322,-0.09127577394247055,-0.9692179560661316,0.1026119714983312,-0.994721460161198
3323,-0.12267100811004639,-0.9656505584716797,0.102336115022994,-0.9947498778899148
3324,-0.028172489255666733,-0.9729536175727844,0.1032295552686411,-0.9946575586195676
3325,0.03791426494717598,-0.9726476669311523,0.1017562637037259,-0.9948093600268636
3326,0.03083881363272667,-0.9738625288009644,0.1009165083412421,-0.9948948981396036
3327,0.020020145922899246,-0.9749833941459656,0.1004769247715707,-0.9949393889018808
3328,0.008430320769548416,-0.9759079217910767,0.1014922474556584,-0.9948363301098324
3329,-0.00795210525393486,-0.9765967130661011,0.1009577805589723,-0.9948907108545172
3330,-0.024728141725063324,-0.976883053779602,0.1000961019675729,-0.9949777738074842
3331,-0.039543457329273224,-0.9767230749130249,0.0996486510136391,-0.9950226863499956
3332,-0.05771303549408913,-0.975936770439148,0.0973743749351827,-0.9952478239644548
3333,-0.07703591883182526,-0.974607527256012,0.0979662783488713,-0.995189734827722
3334,-0.08648841083049774,-0.9734016060829163,0.1046671318043735,-0.9945073109433866
3335,-0.08888741582632065,-0.9739205241203308,0.1042601470853078,-0.9945500599415548
3336,-0.08858825266361237,-0.9739782810211182,0.1011054586700591,-0.994875713959848
3337,-0.0860365480184555,-0.9743697643280029,0.1007966315963468,-0.9949070504619164
3338,-0.08718246966600418,-0.9742422103881836,0.0987256095414227,-0.9951146939025042
3339,-0.09043052792549133,-0.9739418625831604,0.0964765377054738,-0.9953352589315644
3340,-0.08952458202838898,-0.9740458726882935,0.0924079153667844,-0.9957212346724184
3341,-0.0910269021987915,-0.9747934937477112,0.0923181158349891,-0.9957295644343788
3342,-0.13381676375865936,-0.9700199961662292,0.0914322641159919,-0.9958112979267828
3343,-0.14014281332492828,-0.9685666561126709,0.0918033228200027,-0.9957771587655576
3344,-0.13629688322544098,-0.9685945510864258,0.0912593549459463,-0.9958271587654404
3345,-0.12494030594825745,-0.9700071811676025,0.0883549044718932,-0.996089057693017
3346,-0.118231862783432,-0.9704423546791077,0.0890209254977676,-0.996029755993023
3347,-0.12665680050849915,-0.9687950611114502,0.0874495441880384,-0.996168950139134
3348,-0.14301034808158875,-0.9660942554473877,0.0874184871917695,-0.9961716760162892
3349,-0.15994223952293396,-0.9620831608772278,0.0876088500884688,-0.9961549524979416
3350,-0.17297111451625824,-0.9584347009658813,0.0889125301772857,-0.9960394379629118
3351,-0.1785610169172287,-0.9562398195266724,0.0860016830179582,-0.9962949917158463
3352,-0.17152681946754456,-0.9563357830047607,0.0853494811379528,-0.996351075710506
3353,-0.148209810256958,-0.9602540731430054,0.084490835734412,-0.9964242563671863
3354,-0.10970750451087952,-0.9661755561828613,0.0815820656979568,-0.9966666275924232
3355,-0.08233758807182312,-0.9698703289031982,0.0816203231085657,-0.9966634952960068
3356,-0.06306782364845276,-0.9718011021614075,0.0813175088840584,-0.9966882475222084
3357,0.025559332221746445,-0.9755827188491821,0.0785023413912257,-0.9969139292818088
3358,0.0643184632062912,-0.9721015691757202,0.077671657540434,-0.9969789935675284
3359,0.08963115513324738,-0.975284993648529,0.0788205595525626,-0.9968888199753376
3360,-0.13153424859046936,-0.9617578387260437,0.0718671673573916,-0.9974142119781654
3361,-0.113152414560318,-0.9644417762756348,0.0746254335556975,-0.9972116348431882
3362,-0.08905872702598572,-0.9669463634490967,0.0737963987614199,-0.9972733283959044
3363,-0.05294169485569,-0.9703276753425598,0.0741632719085024,-0.9972461126020123
3364,-0.01698760874569416,-0.9736195206642151,0.0786976614879304,-0.9968985294784676
3365,0.02435973659157753,-0.976214587688446,0.0782448317615396,-0.9969341735052564
3366,0.053485240787267685,-0.9770118594169617,0.0793427756519381,-0.9968473925089268
3367,0.06844218075275421,-0.9771116971969604,0.0749845225739735,-0.9971846977237232
3368,0.08015763759613037,-0.9770451784133911,0.0795242789573727,-0.9968329293599354
3369,0.08954267203807831,-0.9769682884216309,0.0789663417675693,-0.9968772827524196
3370,0.09089629352092743,-0.9765032529830933,0.0711361194853537,-0.9974666172381738
3371,0.08859844505786896,-0.9772439002990723,0.0718180339444937,-0.9974177509952123
3372,0.07471948862075806,-0.9787308573722839,0.0732479088334473,-0.9973137639938232
3373,0.07074896991252899,-0.9793747067451477,0.073042510531839,-0.9973288282483396
3374,0.0669395923614502,-0.9796254634857178,0.0740200685399171,-0.9972567520219384
3375,0.05983990803360939,-0.980235755443573,0.0699148301643825,-0.9975529642696098
3376,0.046611350029706955,-0.9810402393341064,0.0684138320174892,-0.9976570290378768
3377,0.030110176652669907,-0.9811687469482422,0.064555695191119,-0.9979141056315376
3378,0.006453309208154678,-0.9805024862289429,0.0687851709350484,-0.997631495222277
3379,-0.022396760061383247,-0.9795928001403809,0.068228812448031,-0.997669699425582
3380,-0.051451291888952255,-0.9775319695472717,0.0683633741807309,-0.9976604878768256
3381,-0.07775457203388214,-0.9748703241348267,0.0680068276871035,-0.9976848557475134
3382,-0.10155777633190155,-0.9715960025787354,0.0690628413370222,-0.9976123114449106
3383,-0.12202310562133789,-0.9675124287605286,0.0679018978880742,-0.997692002705844
3384,-0.13241025805473328,-0.9643205404281616,0.0677106537202367,-0.9977050001742892
3385,-0.1242988258600235,-0.9649373292922974,0.0676389099763371,-0.9977098665730498
3386,-0.2236998826265335,-0.9461101293563843,0.0688682038221281,-0.9976257667594166
3387,-0.2823715806007385,-0.930642306804657,0.0660732812713906,-0.9978147731428072
3388,-0.2824103534221649,-0.9303340315818787,0.0664773343177455,-0.9977879353960974
3389,-0.23680783808231354,-0.9422351717948914,0.0648930296684739,-0.9978922259945944
3390,-0.13239631056785583,-0.9623806476593018,0.0670929725153431,-0.9977467279019536
3391,-0.008993450552225113,-0.9740514159202576,0.0671140060089811,-0.997745313292639
3392,0.1092781275510788,-0.9676477909088135,0.0693563468404072,-0.9975919492222024
3393,0.13037718832492828,-0.9625624418258667,0.0657161758960535,-0.9978383557598892
3394,0.10134987533092499,-0.9648972749710083,0.0702527593323087,-0.9975292225324512
3395,0.08520495891571045,-0.9649441838264465,0.0706056199743922,-0.9975043089771752
3396,0.07687640190124512,-0.964780867099762,0.0709224272189834,-0.9974818340788808
3397,0.06598354876041412,-0.9653404951095581,0.0696672027399186,-0.9975702886826548
3398,0.05856049433350563,-0.9645431637763977,0.0686349335133457,-0.9976418424974056
3399,0.07761707901954651,-0.9650474786758423,0.0681139461405687,-0.997677548279583
3400,0.0966511219739914,-0.9648219347000122,0.0711735906757664,-0.9974639442056632
3401,0.1109141856431961,-0.9643269777297974,0.0682872188100487,-0.9976657034032936
3402,0.10855820775032043,-0.9645678400993347,0.0706040833155968,-0.9975044177441844
3403,0.10429327189922333,-0.964719831943512,0.0696379109207306,-0.9975723338999516
3404,0.1036306768655777,-0.964711606502533,0.0698334340158321,-0.997558665690172
3405,0.1001540869474411,-0.9648951292037964,0.065851687589981,-0.9978294219161667
3406,0.09912250936031342,-0.9649427533149719,0.0655634293305853,-0.9978484036838527
3407,0.097357839345932,-0.9650145173072815,0.0664971171097977,-0.9977866171762808
3408,0.090542271733284,-0.9647021293640137,0.0662568461805899,-0.997802600885667
3409,0.08605365455150604,-0.9649838209152222,0.0675099750006991,-0.9977185992429954
3410,0.08293844759464264,-0.9649436473846436,0.0655392259792898,-0.9978499936653984
3411,0.08075827360153198,-0.9649693965911865,0.0665833517073483,-0.9977808663606532
3412,0.07295927405357361,-0.9648433923721313,0.0652350935458632,-0.997869922670316
3413,0.07182803750038147,-0.9644852876663208,0.0668854541849701,-0.9977606606889602
3414,0.06601597368717194,-0.9642772674560547,0.0663635163018699,-0.9977955119682848
3415,0.05801666900515556,-0.9639396071434021,0.0645238513646844,-0.9979161651186276
3416,0.04962489381432533,-0.9637717008590698,0.064046049269662,-0.9979469442675536
3417,0.041721317917108536,-0.9632304906845093,0.0612044912090125,-0.9981252477799796
3418,0.03545864298939705,-0.9628851413726807,0.0614729411683864,-0.9981087503394148
3419,0.03037317469716072,-0.9625468254089355,0.0624329307443994,-0.998049161694285
3420,0.02429128810763359,-0.9617280960083008,0.0683029680407742,-0.9976646252908944
3421,0.01937810704112053,-0.9626288414001465,0.0694234104553278,-0.997587284442194
3422,0.015239205211400986,-0.9613991975784302,0.0693209503791501,-0.997594409486406
3423,0.010333273559808731,-0.9608929753303528,0.0675508158205103,-0.997715834935972
3424,0.005031872540712357,-0.9605145454406738,0.0684592495997549,-0.9976539135112128
3425,6.527846562676132e-05,-0.9602534174919128,0.0677449217942204,-0.9977026739320162
3426,-0.006130930036306381,-0.9592121839523315,0.0681775570075046,-0.9976732033689631
3427,-0.01377987302839756,-0.9591190814971924,0.0679133891930332,-0.99769122055289
3428,-0.018545452505350113,-0.9591089487075806,0.0686339365018741,-0.997641911088471
3429,-0.023122038692235947,-0.9579727053642273,0.0668233424115629,-0.9977648224451224
3430,-0.02746807411313057,-0.9581038355827332,0.0673280533844415,-0.997730892188601
3431,-0.037631578743457794,-0.9573103189468384,0.0663418710620435,-0.9977969513603392
3432,-0.043578241020441055,-0.9561372995376587,0.0668376998952868,-0.9977638607770416
3433,-0.05598599463701248,-0.955062747001648,0.0664956836335665,-0.9977867127087354
3434,-0.05418604612350464,-0.9554108381271362,0.0647335570869422,-0.9979025837159012
3435,-0.055742375552654266,-0.9550607800483704,0.0640121503939352,-0.9979491192450366
3436,-0.05778225138783455,-0.9549444913864136,0.0643165561559305,-0.9979295469141302
3437,-0.059522561728954315,-0.9547381401062012,0.0640415375694051,-0.9979472338083544
3438,-0.06117190793156624,-0.9544786214828491,0.0651321028458963,-0.9978766502824242
3439,-0.059441275894641876,-0.9551647901535034,0.0657942037594621,-0.9978332138948164
3440,-0.0607277937233448,-0.9549193382263184,0.0674396459553571,-0.9977233555216676
3441,-0.060821421444416046,-0.9552247524261475,0.0674437609795756,-0.99772307736412
3442,-0.06083878129720688,-0.9551230669021606,0.068787853493814,-0.9976313102603154
3443,-0.0628182590007782,-0.9543009400367737,0.0689235758968747,-0.9976219427646866
3444,-0.06194744259119034,-0.9549458026885986,0.0681333850362959,-0.9976762209472048
3445,-0.06270013749599457,-0.9554629325866699,0.0677312288029262,-0.9977036036042196
3446,-0.062177419662475586,-0.9558898210525513,0.0674538685518243,-0.9977223940642974
3447,-0.056483812630176544,-0.9571963548660278,0.0674105470538069,-0.9977253219929352
3448,-0.05762103199958801,-0.9568161964416504,0.0673081928183163,-0.9977322322043788
3449,-0.058756545186042786,-0.9560519456863403,0.0679842253274042,-0.99768639617198
3450,-0.06129304692149162,-0.9561866521835327,0.0661195303500483,-0.997811709545588
3451,-0.06666259467601776,-0.9558955430984497,0.0669653185087985,-0.9977553037278304
3452,-0.06686629354953766,-0.9563694000244141,0.0658004848800055,-0.9978327997162432
3453,-0.06656165421009064,-0.9561291933059692,0.0660823058882149,-0.9978141755098976
3454,-0.06425739824771881,-0.9564969539642334,0.0656902717374621,-0.9978400614322208
3455,-0.06251221150159836,-0.9569166898727417,0.067645139168564,-0.9977094442506124
3456,-0.06182468682527542,-0.9572336077690125,0.0667509653268866,-0.99776966712159
3457,-0.05730186775326729,-0.9581248164176941,0.0657780888612745,-0.9978342763333792
3458,-0.05847347155213356,-0.9578757286071777,0.0669795239716391,-0.9977543502127828
3459,-0.05595824122428894,-0.9581624269485474,0.0666966752674099,-0.9977732976524646
3460,-0.051583729684352875,-0.9589075446128845,0.0677005219717399,-0.9977056877279762
3461,-0.046258941292762756,-0.9594407081604004,0.0694671493247215,-0.9975842396332736
3462,-0.047701045870780945,-0.9594449996948242,0.068257893932441,-0.9976677101700284
3463,-0.043367091566324234,-0.9604743123054504,0.0679171350544668,-0.997690965562981
3464,-0.04035543277859688,-0.9608462452888489,0.0677890448982928,-0.997699676952828
3465,-0.03563396632671356,-0.9614375829696655,0.0630063132957645,-0.9980131284130864
3466,-0.03069985657930374,-0.9615389108657837,0.0646313995313499,-0.997909205386251
3467,-0.02807062864303589,-0.9616105556488037,0.0620414015412787,-0.99807357669402
3468,-0.023932024836540222,-0.9621641039848328,0.0572200777653703,-0.9983615891552144
3469,-0.02004876174032688,-0.9630957841873169,0.0578263225442694,-0.9983266581740698
3470,-0.015827566385269165,-0.963367223739624,0.0518229080730517,-0.998656290321576
3471,-0.010167520493268967,-0.9640293121337891,0.0586508634596795,-0.998278556423724
3472,-0.0019482930656522512,-0.9641402959823608,0.0596842719918144,-0.998217304837382
3473,-0.004258330911397934,-0.9640615582466125,0.0586108699859067,-0.9982809053164822
3474,-0.006917495280504227,-0.9638653993606567,0.0599833785351303,-0.9981993760264084
3475,-0.0008394604665227234,-0.9641972184181213,0.0600685985678649,-0.9981942513689872
3476,0.0064786337316036224,-0.9645491242408752,0.0597224452104729,-0.9982150216952668
3477,0.0041702426970005035,-0.9645270109176636,0.0583416783042472,-0.9982966736259536
3478,0.0025298784021288157,-0.9642951488494873,0.0589312966549235,-0.9982620408863444
3479,-0.0005480012041516602,-0.9639920592308044,0.0586041306815737,-0.9982813009703512
3480,-0.001278113340958953,-0.9642231464385986,0.0476215544515672,-0.9988654501741544
3481,0.002744626486673951,-0.965039074420929,0.0159633984467789,-0.9998725768366834
3482,0.000853978272061795,-0.9655616879463196,-0.0173580201323132,-0.999849338219057
3483,-0.009637188166379929,-0.9647149443626404,-0.0541990457683825,-0.9985301514915796
3484,-0.024958960711956024,-0.9635655879974365,-0.0607415037554551,-0.9981535301352824
3485,-0.04196161404252052,-0.9619521498680115,-0.0729028510179532,-0.9973390468208162
3486,-0.055260948836803436,-0.9596275687217712,-0.1077440771004683,-0.9941786629423146
3487,-0.06669460237026215,-0.9579663276672363,-0.1736108515133468,-0.9848143338908156
3488,-0.07906442880630493,-0.9583297967910767,-0.2193955163921521,-0.9756360014816085
3489,-0.08685417473316193,-0.9588903784751892,-0.2301116963216497,-0.9731642241759472
3490,-0.09485591948032379,-0.9615699052810669,-0.2846058344204384,-0.958644626028773
3491,-0.0973309800028801,-0.9610838294029236,-0.3171006612499804,-0.948391886634858
3492,-0.10051281005144119,-0.960598349571228,-0.3438800420403753,-0.9390135870616088
3493,-0.10177309066057205,-0.961181640625,-0.3654010823649222,-0.9308501753808416
3494,-0.10208544135093689,-0.9629217386245728,-0.3982454983257344,-0.9172788687543648
3495,-0.0990850180387497,-0.9610403776168823,-0.415971741295708,-0.9093775401027984
3496,-0.09617727994918823,-0.9612606763839722,-0.4223608641842664,-0.9064277689951472
3497,-0.10164954513311386,-0.9602301716804504,-0.4399452908022745,-0.8980245771140688
3498,-0.10283520817756653,-0.9580441117286682,-0.4435539782991089,-0.8962476601559602
3499,-0.10821567475795746,-0.9551962614059448,-0.4613093677598382,-0.8872393517067524
3500,-0.11622057855129242,-0.9550088047981262,-0.4713283640565601,-0.8819578069475698
3501,-0.12029705941677094,-0.9556302428245544,-0.4768323243326886,-0.878994274424746
3502,-0.12479618191719055,-0.955312967300415,-0.4793396903005708,-0.877629455580516
3503,-0.13341641426086426,-0.9527727961540222,-0.4757760744545094,-0.8795664426162796
3504,-0.14128901064395905,-0.9523528218269348,-0.4661187554950859,-0.884722163040868
3505,-0.1484602838754654,-0.951403021812439,-0.4637559923450392,-0.8859629673773436
3506,-0.15940739214420319,-0.9480701684951782,-0.4687999711733555,-0.8833043569618917
3507,-0.17741303145885468,-0.9436098337173462,-0.4465676206555306,-0.8947498869416292
3508,-0.1904081255197525,-0.9415456056594849,-0.4169388234136799,-0.90893455074082
3509,-0.20134156942367554,-0.9395286440849304,-0.4001866848722493,-0.9164336403968152
3510,-0.20503322780132294,-0.9419898390769958,-0.3986703118920615,-0.9170943148967212
3511,-0.20572209358215332,-0.9429287314414978,-0.3966147502546477,-0.917985152320256
3512,-0.20585408806800842,-0.94365394115448,-0.3862089580802073,-0.9224113186093288
3513,-0.20775346457958221,-0.9426397085189819,-0.4014518745809416,-0.9158801190087312
3514,-0.2106822431087494,-0.9439513683319092,-0.4116628587969056,-0.9113362116623912
3515,-0.21037709712982178,-0.9483105540275574,-0.4319014323413283,-0.9019208128996188
3516,-0.21090810000896454,-0.9473670721054077,-0.45152555056956,-0.8922581897538715
3517,-0.21302922070026398,-0.9462010860443115,-0.4948440945813005,-0.8689817731448761
3518,-0.2664470076560974,-0.9100784063339233,-0.5346223947547518,-0.8450910572398067
3519,-0.2689383029937744,-0.9134316444396973,-0.5603477500383218,-0.8282574473115171
3520,-0.2626902163028717,-0.923902690410614,-0.5752558902807416,-0.8179735085547155
3521,-0.26078277826309204,-0.9282830953598022,-0.5790959979869787,-0.8152593606426516
3522,-0.26631906628608704,-0.9329144954681396,-0.5980337106646513,-0.8014709482624234
3523,-0.27335041761398315,-0.932174563407898,-0.6035845205429802,-0.7972990195409128
3524,-0.2824210226535797,-0.9279036521911621,-0.6081390945537998,-0.7938304867383745
3525,-0.2865712642669678,-0.9720898866653442,-0.6079692064130419,-0.7939606061093308
3526,-0.2902444303035736,-0.9429425001144409,-0.6161087007821476,-0.7876611383206196
3527,-0.31257838010787964,-0.9198769927024841,-0.6394854373051702,-0.7688032098493185
3528,-0.3358599841594696,-0.9016650319099426,-0.6414774922729087,-0.7671418557915219
3529,-0.3496597707271576,-0.8905407190322876,-0.6457138914581139,-0.7635794460159461
3530,-0.3624318242073059,-0.8900119662284851,-0.6492681410408075,-0.7605595841414492
3531,-0.3711303174495697,-0.8937824368476868,-0.6506057889317972,-0.7594156354779863
3532,-0.3748736083507538,-0.8975047469139099,-0.6516755086242987,-0.7584978783485565
3533,-0.3814155161380768,-0.898105263710022,-0.6584399545411294,-0.7526332614652873
3534,-0.38640129566192627,-0.8957287073135376,-0.6483980782631615,-0.7613014725485818
3535,-0.39214569330215454,-0.8924375176429749,-0.6510634973193712,-0.7590232687199182
3536,-0.395105242729187,-0.8897603154182434,-0.6395071350434595,-0.7687851612957332
3537,-0.3929593563079834,-0.890549898147583,-0.6283096329979456,-0.7779633700130019
3538,-0.391085684299469,-0.8926018476486206,-0.6296419964447992,-0.7768854203246496
3539,-0.39155685901641846,-0.8909004926681519,-0.632442228064498,-0.7746075316964156
3540,-0.4771597385406494,-0.8452006578445435,-0.6410732095263413,-0.7674797326494008
3541,-0.4996464252471924,-0.83050936460495,-0.6323896525417574,-0.7746504549525001
3542,-0.5189980268478394,-0.8197267055511475,-0.6502878048753217,-0.7596879430598037
3543,-0.5424878597259521,-0.8057389259338379,-0.6455693026447851,-0.7637016927326572
3544,-0.567785382270813,-0.7919217944145203,-0.6553960395372139,-0.7552853972896171
3545,-0.587811291217804,-0.7779393196105957,-0.6805851471027418,-0.7326689958931928
3546,-0.6033936738967896,-0.7660409212112427,-0.7041009812470648,-0.7100998579121957
3547,-0.6157806515693665,-0.7573111057281494,-0.7379260159483183,-0.6748816155346375
3548,-0.6242302656173706,-0.7516922950744629,-0.7369087718938211,-0.6759922055067945
3549,-0.6329942941665649,-0.7444104552268982,-0.732039766327207,-0.6812619030267347
3550,-0.643101692199707,-0.7351829409599304,-0.7277463561602905,-0.6858463684349576
3551,-0.6541783809661865,-0.7247476577758789,-0.7155538393614893,-0.6985575874436065
3552,-0.6715453267097473,-0.7093015909194946,-0.7062016207769133,-0.7080107843896594
3553,-0.6915131211280823,-0.6911707520484924,-0.7194359109048005,-0.6945588312739102
3554,-0.7127380967140198,-0.6702803373336792,-0.7294441445344528,-0.6840403789283205
3555,-0.7078405618667603,-0.7014925479888916,-0.7198341588783285,-0.6941460824004767
3556,-0.717064619064331,-0.7026650309562683,-0.7119937375500973,-0.7021858142183187
3557,-0.7252897024154663,-0.693856418132782,-0.699925339906854,-0.7142160167318252
3558,-0.7312466502189636,-0.6887898445129395,-0.6816497721806998,-0.7316786098322132
3559,-0.7257394194602966,-0.6857408285140991,-0.6709137018182255,-0.7415354372601253
3560,-0.7132984399795532,-0.6905410885810852,-0.6593917537699875,-0.7517995178637322
3561,-0.6993598937988281,-0.7038491368293762,-0.6091727331770366,-0.7930375660418736
3562,-0.6852772235870361,-0.7173422574996948,-0.6236993845138866,-0.7816642999120524
3563,-0.6681056022644043,-0.7314150929450989,-0.6329379496547557,-0.774202526401738
3564,-0.6545249223709106,-0.7411944270133972,-0.6409805571558356,-0.7675571153654916
3565,-0.699293851852417,-0.7129247188568115,-0.6446898292443066,-0.7644442583138072
3566,-0.6888944506645203,-0.690906822681427,-0.6422225880122606,-0.7665181977271213
3567,-0.6980333924293518,-0.6915035843849182,-0.6400717848119186,-0.7683151113232675
3568,-0.7053645253181458,-0.6866002678871155,-0.6453450084591591,-0.7638912357507761
3569,-0.7121745944023132,-0.681713879108429,-0.6834297604719426,-0.7300162755043639
3570,-0.7158166766166687,-0.6792283058166504,-0.6923768606504929,-0.7215360578902262
3571,-0.715158224105835,-0.6798800230026245,-0.6835171859120373,-0.7299344193575814
3572,-0.7118044495582581,-0.6822696924209595,-0.6956314290550545,-0.7183988550316758
3573,-0.7070966958999634,-0.6851305365562439,-0.7099361485511311,-0.704266047016599
3574,-0.7038314938545227,-0.6859008073806763,-0.7051581319711874,-0.7090500750404766
3575,-0.7036652565002441,-0.6830340623855591,-0.6994387868042169,-0.7146925097647555
3576,-0.7074079513549805,-0.6765000820159912,-0.6892633533892031,-0.7245108899627877
3577,-0.7167730331420898,-0.6659011840820312,-0.6759779093091992,-0.7369218860408232
3578,-0.7312307357788086,-0.6492550373077393,-0.6772006343924769,-0.7357984104212423
3579,-0.7128868103027344,-0.6847168803215027,-0.6739220577725784,-0.7388024499469216
3580,-0.7095177173614502,-0.6978975534439087,-0.6733307874503357,-0.7393413627489746
3581,-0.7023630142211914,-0.7000467777252197,-0.6774155430555142,-0.7356005587455754
3582,-0.6948744654655457,-0.7088872790336609,-0.6567482907887231,-0.7541098610587789
3583,-0.6839767694473267,-0.7156084775924683,-0.645320263505762,-0.7639121399145676
3584,-0.670783519744873,-0.7257533073425293,-0.584684339726799,-0.8112608845976965
3585,-0.6510671377182007,-0.7408502697944641,-0.5447147739378264,-0.8386213776513586
3586,-0.6286567449569702,-0.761431097984314,-0.544128316633864,-0.8390020113427604
3587,-0.6108289957046509,-0.7765640020370483,-0.5343087468886919,-0.8452893960048451
3588,-0.5949311256408691,-0.7862610816955566,-0.5394182926187088,-0.8420379478315196
3589,-0.6435511112213135,-0.7619088888168335,-0.5546409281134675,-0.8320898033634538
3590,-0.6258026361465454,-0.7495836019515991,-0.5444558943816694,-0.838789472438142
3591,-0.6258493661880493,-0.7563163638114929,-0.5345078561160631,-0.8451635059266402
3592,-0.6260223388671875,-0.7547403573989868,-0.5082812485928246,-0.8611911357700561
3593,-0.6272902488708496,-0.7502140998840332,-0.532525598694167,-0.8464138980046458
3594,-0.6235355734825134,-0.7546446919441223,-0.5207514949290151,-0.8537083111515291
3595,-0.6195409297943115,-0.7572489380836487,-0.5241330468397369,-0.851636394954146
3596,-0.6190543174743652,-0.7568950653076172,-0.5267537566595892,-0.8500179291315038
3597,-0.6188737154006958,-0.7536723613739014,-0.5202324110275063,-0.8540247294525538
3598,-0.620392918586731,-0.7468134164810181,-0.5329951929063856,-0.8461182685291015
3599,-0.5824943780899048,-0.7936084270477295,-0.5342857524168468,-0.8453039304086808
3600,-0.5716850757598877,-0.8016392588615417,-0.5339957916549801,-0.8454871344348008
3601,-0.5592615604400635,-0.8065996170043945,-0.5400774182780675,-0.841615341035379
3602,-0.5476783514022827,-0.8169790506362915,-0.5397612858272152,-0.8418181242537792
3603,-0.5296959280967712,-0.8264806866645813,-0.5139530069429767,-0.8578183412904345
3604,-0.5122289657592773,-0.8410813808441162,-0.4756983356583979,-0.8796084887333854
3605,-0.4979531168937683,-0.8503900766372681,-0.4661681739946016,-0.8846961249799498
3606,-0.48421603441238403,-0.8583452105522156,-0.4671227850156569,-0.8841924585288071
3607,-0.4722064137458801,-0.8638556599617004,-0.4896752468599036,-0.8719048988351267
3608,-0.46346861124038696,-0.8673888444900513,-0.4955518562378281,-0.8685783544270735
3609,-0.4613494873046875,-0.8663426637649536,-0.4986170431129534,-0.8668223833734885
3610,-0.45958825945854187,-0.8677858114242554,-0.4979537092219069,-0.8672036113117522
3611,-0.4598598778247833,-0.8664295077323914,-0.4922012780331376,-0.8704814196193655
3612,-0.5100774765014648,-0.8378704786300659,-0.5079014715901926,-0.8614151700292472
3613,-0.49182265996932983,-0.8347987532615662,-0.5235444820163295,-0.8519983423400853
3614,-0.48550665378570557,-0.8463283777236938,-0.5025509524372422,-0.8645475927931444
3615,-0.48863911628723145,-0.8401730060577393,-0.4929873272021295,-0.8700364907393829
3616,-0.49990329146385193,-0.8304837346076965,-0.518714394853845,-0.8549475870317487
3617,-0.5161507725715637,-0.817088782787323,-0.5378748794233081,-0.8430246817770887
3618,-0.5341794490814209,-0.8033748865127563,-0.5318736428524238,-0.8468237290244602
3619,-0.5074877142906189,-0.8431930541992188,-0.5421176529137971,-0.8403025945451055
3620,-0.4933517277240753,-0.8370301723480225,-0.5350354416579203,-0.8448296136913728
3621,-0.4873521327972412,-0.8378486633300781,-0.5192591443204282,-0.8546168387292733
3622,-0.48957574367523193,-0.84162437915802,-0.5238351391773424,-0.8518196681006224
3623,-0.4852418005466461,-0.8440573215484619,-0.5275288349163659,-0.8495371259290446
3624,-0.4697592854499817,-0.8538267612457275,-0.5157358599165495,-0.8567476424222814
3625,-0.45729324221611023,-0.8651667833328247,-0.4976645035666989,-0.8673696108866802
3626,-0.444594144821167,-0.871940016746521,-0.4991472476310317,-0.866517181123586
3627,-0.4381512999534607,-0.8751875162124634,-0.4881866885999454,-0.8727392262719832
3628,-0.4313606917858124,-0.8770949840545654,-0.4669575201466025,-0.8842797489361245
3629,-0.42386651039123535,-0.8791241645812988,-0.4967211462493803,-0.8679101928590893
3630,-0.4149842858314514,-0.8806559443473816,-0.4594314646294928,-0.8882132228853605
3631,-0.40177831053733826,-0.8867727518081665,-0.4643336951731317,-0.885660329656277
3632,-0.3941929042339325,-0.8895114660263062,-0.4797805844874965,-0.8773885061640802
3633,-0.3896886110305786,-0.8898954391479492,-0.4819520253585491,-0.876197606281136
3634,-0.44986897706985474,-0.8583437204360962,-0.4603198578072324,-0.887753134890736
3635,-0.44016122817993164,-0.8578205108642578,-0.4765168451112402,-0.87916534072109
3636,-0.43726882338523865,-0.8688143491744995,-0.4804811448735976,-0.8770050566678375
3637,-0.4428863823413849,-0.861315131187439,-0.4875065451932771,-0.8731193322757865
3638,-0.45421597361564636,-0.8536075353622437,-0.4725589841994021,-0.8812990448493798
3639,-0.4633070230484009,-0.8483647108078003,-0.4844429603550617,-0.8748228495886605
3640,-0.4819275736808777,-0.8350611925125122,-0.4813904802571198,-0.8765062495600471
3641,-0.5047895908355713,-0.8179543018341064,-0.4952023154658889,-0.868777685462295
3642,-0.5301963090896606,-0.8004359602928162,-0.5093090510598071,-0.8605836917514524
3643,-0.5555336475372314,-0.7846742868423462,-0.5146295747469317,-0.8574126199186669
3644,-0.5418731570243835,-0.8141593337059021,-0.502601836095893,-0.8645180127406468
3645,-0.5515869855880737,-0.8041571974754333,-0.4945908717095855,-0.8691259227646776
3646,-0.5555332899093628,-0.7999306917190552,-0.5179628634416629,-0.8554031050302034
3647,-0.5564376711845398,-0.8013343811035156,-0.4981557056580153,-0.8670875924151866
3648,-0.5442874431610107,-0.8133282661437988,-0.4837455589767999,-0.8752086803558471
3649,-0.5336173176765442,-0.8233774304389954,-0.4764253124416593,-0.8792149462246802
3650,-0.5262930989265442,-0.8284803032875061,-0.4574995431911524,-0.8892098559844502
3651,-0.5202738642692566,-0.8289536833763123,-0.4441597162489332,-0.8959476248429186
3652,-0.5121448636054993,-0.8299684524536133,-0.4399490559971303,-0.8980227325225313
3653,-0.4978944957256317,-0.8366002440452576,-0.440370244221792,-0.8978162662839425
3654,-0.4843372404575348,-0.8436597585678101,-0.4239395132370626,-0.905690504044468
3655,-0.4785879850387573,-0.849177360534668,-0.4383499943840324,-0.8988043627083253
3656,-0.47503358125686646,-0.8528608083724976,-0.4535846423486211,-0.8912132024524061
3657,-0.4713473916053772,-0.8559716939926147,-0.4302813755832581,-0.9026948198733497
3658,-0.533163845539093,-0.8261867761611938,-0.4262612763971938,-0.9046000907827918
3659,-0.5219943523406982,-0.816825270652771,-0.4127050573032576,-0.9108647186472396
3660,-0.521635115146637,-0.8242802619934082,-0.3983852334416146,-0.9172181887510028
3661,-0.5245192646980286,-0.8201101422309875,-0.3941307567782057,-0.9190543762810984
3662,-0.5313194990158081,-0.816016674041748,-0.38813873265779,-0.9216009571451218
3663,-0.49237388372421265,-0.8687701225280762,-0.4204914120347822,-0.9072965184574416
3664,-0.5271016955375671,-0.8288850784301758,-0.4681770801598802,-0.8836346652395259
3665,-0.4792103171348572,-0.8619535565376282,-0.4800380794670392,-0.8772476516136116
3666,-0.47176140546798706,-0.8620712161064148,-0.4796139314273438,-0.8774796161625676
3667,-0.4727720618247986,-0.8545821905136108,-0.4778308734452812,-0.8784518520570832
3668,-0.47530585527420044,-0.8556420803070068,-0.4824448486128871,-0.8759263485287382
3669,-0.47739720344543457,-0.8553293943405151,-0.4776268413912045,-0.8785628038920502
3670,-0.4784667491912842,-0.857338011264801,-0.4913797198582381,-0.870945446576328
3671,-0.46938008069992065,-0.8629531860351562,-0.4772755072548978,-0.8787537141739885
3672,-0.4589422941207886,-0.8666623830795288,-0.4756651810409164,-0.879626418171551
3673,-0.44596076011657715,-0.8725435733795166,-0.4505060538510022,-0.8927733729472435
3674,-0.4319818615913391,-0.8788152933120728,-0.4428032892905154,-0.8966187857687904
3675,-0.41546690464019775,-0.8836113214492798,-0.431109956994939,-0.902299398747346
3676,-0.40070781111717224,-0.887871503829956,-0.452911825294095,-0.8915553143292743
3677,-0.3850756287574768,-0.8901271820068359,-0.4482755753403778,-0.8938954125361944
3678,-0.37548524141311646,-0.8955050110816956,-0.4483370152933128,-0.8938645986489697
3679,-0.3634031414985657,-0.9042676687240601,-0.434064423133649,-0.9008818327448126
3680,-0.3550031781196594,-0.9049174785614014,-0.4523003602206824,-0.8918656760657633
3681,-0.35205236077308655,-0.9070572853088379,-0.4461400566920913,-0.8949631555627179
3682,-0.42077985405921936,-0.8758450746536255,-0.4273404865460181,-0.9040907634516638
3683,-0.4146033227443695,-0.8664621114730835,-0.4491939785619153,-0.8934342559045504
3684,-0.4090166985988617,-0.8726900815963745,-0.4480817838804746,-0.893992569854186
3685,-0.41016823053359985,-0.8687151074409485,-0.4479195688430877,-0.8940738559243427
3686,-0.41829800605773926,-0.8650446534156799,-0.4439741749110136,-0.8960395817217478
3687,-0.43108755350112915,-0.8585344552993774,-0.443353427673515,-0.8963468849559
3688,-0.4502236247062683,-0.8444099426269531,-0.44727755210681,-0.8943952098381005
3689,-0.43699130415916443,-0.8815093040466309,-0.4709022538027599,-0.8821853928531582
3690,-0.4257335662841797,-0.8724072575569153,-0.4562120808333241,-0.8898710790343333
3691,-0.4282187819480896,-0.8671200275421143,-0.4495220816159513,-0.8932692192948675
3692,-0.4346282482147217,-0.8644445538520813,-0.4610712347446031,-0.8873631254965957
3693,-0.43843546509742737,-0.8610855340957642,-0.4661434733691819,-0.8847091399071871
3694,-0.4342106580734253,-0.8688806295394897,-0.465329546566058,-0.8851375108380769
3695,-0.42259782552719116,-0.8796041011810303,-0.4412176555491298,-0.8974001228168678
3696,-0.4120023250579834,-0.8843197226524353,-0.4179162235187506,-0.9084855695715952
3697,-0.39871400594711304,-0.8908966779708862,-0.3920186438990701,-0.9199572722879764
3698,-0.3886684775352478,-0.8945674896240234,-0.383324704026988,-0.9236136482764976
3699,-0.3793891668319702,-0.8997027277946472,-0.3936505290761499,-0.919260170440375
3700,-0.36860179901123047,-0.9039676785469055,-0.3933761843673043,-0.919377603366876
3701,-0.3584308624267578,-0.9071420431137085,-0.3971246721180411,-0.917764672884688
3702,-0.3515065312385559,-0.9102638959884644,-0.3973897871102914,-0.917649909878728
3703,-0.353983610868454,-0.9099444150924683,-0.4087310055593778,-0.9126548992332314
3704,-0.35863012075424194,-0.911421000957489,-0.3902744336329684,-0.9206985752419008
3705,-0.4263893663883209,-0.8740662336349487,-0.4053300093661389,-0.914170434605739
3706,-0.41941869258880615,-0.8686088919639587,-0.4040217105177871,-0.9147493959715314
3707,-0.4125460684299469,-0.8737629055976868,-0.4091562678937926,-0.9124643272168084
3708,-0.41248947381973267,-0.8678154945373535,-0.4051913387457222,-0.9142319065781118
3709,-0.4302542507648468,-0.857532262802124,-0.4049228731979443,-0.9143508444580348
3710,-0.4151019752025604,-0.9027366638183594,-0.4324125576573268,-0.9016758730166008
3711,-0.3991878628730774,-0.8961193561553955,-0.4434116483446639,-0.8963180853426244
3712,-0.39307108521461487,-0.8958851099014282,-0.4555162138380217,-0.8902274871799195
3713,-0.3897203803062439,-0.8943976163864136,-0.4590313283842328,-0.8884200805710137
3714,-0.3802022337913513,-0.8975879549980164,-0.4411202404493576,-0.8974480115671888
3715,-0.3813967704772949,-0.897849440574646,-0.4477500882223444,-0.8941587434549207
3716,-0.3869474232196808,-0.8932431936264038,-0.4588706350760581,-0.8885030896203429
3717,-0.38769036531448364,-0.8927667140960693,-0.4399738048373308,-0.8980106074300918
3718,-0.38346460461616516,-0.8955080509185791,-0.4450344521220343,-0.8955134484888772
3719,-0.3814719319343567,-0.8958443403244019,-0.4219431064759946,-0.9066223110520653
3720,-0.3789862394332886,-0.8979618549346924,-0.422774792287576,-0.9062347791859442
3721,-0.3735029697418213,-0.8993062376976013,-0.4173078025970116,-0.9087652050401432
3722,-0.3651478886604309,-0.8993979692459106,-0.4094929196097067,-0.912313295304589
3723,-0.3533763885498047,-0.9064182043075562,-0.4193202739687744,-0.907838370988334
3724,-0.3392252027988434,-0.9160348176956177,-0.3995676675885644,-0.9167037029585048
3725,-0.3280285596847534,-0.9237369298934937,-0.4114302998152451,-0.911441225967938
3726,-0.394106388092041,-0.8922795057296753,-0.3856619639190169,-0.9226401517309588
3727,-0.3844018876552582,-0.8884099721908569,-0.3951417090595424,-0.918620177092526
3728,-0.3734779953956604,-0.8940777778625488,-0.4128415854111028,-0.9108028465893412
3729,-0.36887097358703613,-0.8875861167907715,-0.4091797902721973,-0.9124537792309266
3730,-0.3770492672920227,-0.8781382441520691,-0.4101566685288333,-0.9120150806106928
3731,-0.3916420638561249,-0.8701781034469604,-0.4088805330953916,-0.912587918863508
3732,-0.41353827714920044,-0.8557752966880798,-0.4128675636202789,-0.9107910709434162
3733,-0.42714858055114746,-0.8448502421379089,-0.4339269347344933,-0.9009480647140138
3734,-0.4297417402267456,-0.8754321932792664,-0.4262381970529291,-0.9046109657599052
3735,-0.4311816692352295,-0.8614450693130493,-0.4281897620140859,-0.9036888445180236
3736,-0.4340881407260895,-0.8611706495285034,-0.440120317477522,-0.897938809799134
3737,-0.4388877749443054,-0.861018717288971,-0.4305608289881821,-0.9025615616349996
3738,-0.4514518976211548,-0.8539960384368896,-0.428433172982945,-0.9035734703319735
3739,-0.4542993903160095,-0.8542559146881104,-0.415496159314958,-0.9095949327005506
3740,-0.4426557123661041,-0.8623232841491699,-0.4027291423504132,-0.9153192000071344
3741,-0.4275153577327728,-0.8710450530052185,-0.3823316304596365,-0.9240251751711508
3742,-0.41761407256126404,-0.8758830428123474,-0.3677732641256523,-0.92991549411458
3743,-0.41778889298439026,-0.8736035823822021,-0.3435790498425793,-0.939123759953538
3744,-0.4100395441055298,-0.876935601234436,-0.3443836088556116,-0.9388290206164194
3745,-0.40572431683540344,-0.8813906311988831,-0.3547280995916931,-0.9349695050428468
3746,-0.4011457562446594,-0.8871798515319824,-0.3341025868792529,-0.942536716229448
3747,-0.3961668610572815,-0.8952870965003967,-0.3281939889185417,-0.9446103459298634
3748,-0.386552095413208,-0.9051528573036194,-0.340366509835906,-0.9402928474587712
3749,-0.4521133601665497,-0.8729897737503052,-0.3473308081384563,-0.9377426671096324
3750,-0.44485458731651306,-0.8630317449569702,-0.3424809552569934,-0.9395247709806576
3751,-0.4387080669403076,-0.8651210069656372,-0.3517153933606305,-0.9361069821730724
3752,-0.4458041787147522,-0.8527997732162476,-0.328823494133921,-0.944391396458883
3753,-0.4234218895435333,-0.8993957042694092,-0.369289539013882,-0.9293143904916756
3754,-0.4021123945713043,-0.894929826259613,-0.3473845986986703,-0.9377227418522832
3755,-0.4014621376991272,-0.8924247622489929,-0.3758182166746848,-0.9266934056177694
3756,-0.4079980254173279,-0.8870900869369507,-0.3556124325964471,-0.9346335098758428
3757,-0.404582679271698,-0.8868073225021362,-0.3914194279864481,-0.9202123838520984
3758,-0.4038427770137787,-0.890496015548706,-0.3980138621052047,-0.9173794011051802
3759,-0.39594030380249023,-0.8941226005554199,-0.3930797690394848,-0.9195043747431902
3760,-0.38400396704673767,-0.8997970819473267,-0.3855418175876895,-0.9226903634975174
3761,-0.3731083273887634,-0.9041122198104858,-0.3866394692160508,-0.9222309476721816
3762,-0.36076897382736206,-0.9087909460067749,-0.3668349013905462,-0.93028606090911
3763,-0.3541744351387024,-0.910178542137146,-0.3544175742091496,-0.935087259613616
3764,-0.3413754403591156,-0.9150291085243225,-0.3488842580597187,-0.9371658201610426
3765,-0.32506421208381653,-0.9201394319534302,-0.3345354053942099,-0.9423831824357498
3766,-0.3115699887275696,-0.9250288009643555,-0.3393017149298437,-0.9406775995236982
3767,-0.306685209274292,-0.9261519908905029,-0.3215381800109387,-0.946896614628679
3768,-0.3167511820793152,-0.9228289127349854,-0.3402104266532118,-0.9403493316828804
3769,-0.39064842462539673,-0.89290851354599,-0.3306430236816569,-0.9437558958176904
3770,-0.38836681842803955,-0.8854324817657471,-0.3217393764066734,-0.94682827042154
3771,-0.38358423113822937,-0.8876522779464722,-0.3390369915394154,-0.940773042964084
3772,-0.3147467374801636,-0.8674829006195068,-0.360654206089864,-0.9326995998871715
3773,-0.42773017287254333,-0.8591448068618774,-0.300944376216985,-0.953641694989984
3774,-0.44219690561294556,-0.8296089768409729,-0.3104637201015942,-0.9505852294774408
3775,-0.4693342447280884,-0.8294987678527832,-0.3379718570847576,-0.9411562164798574
3776,-0.45361146330833435,-0.8731287717819214,-0.3533674218602539,-0.9354846151422468
3777,-0.44434911012649536,-0.8615013360977173,-0.3367825020110302,-0.9415824692182784
3778,-0.45015695691108704,-0.8594442009925842,-0.3148515104476957,-0.9491409412562524
3779,-0.4649178385734558,-0.8560636043548584,-0.3129249803559448,-0.9497778459562172
3780,-0.48060309886932373,-0.8503475189208984,-0.3152895363253451,-0.9489955259556015
3781,-0.45914536714553833,-0.8593476414680481,-0.2956937210647008,-0.9552827975646326
3782,-0.4435909390449524,-0.8693212270736694,-0.2788513392261265,-0.9603342806605394
3783,-0.4189945161342621,-0.8810206055641174,-0.2619025613236721,-0.9650943209718416
3784,-0.3943312168121338,-0.8902713060379028,-0.2464449927809149,-0.96915678067752
3785,-0.37169763445854187,-0.8996304869651794,-0.2362593991165634,-0.9716900207005732
3786,-0.34887057542800903,-0.9072664976119995,-0.1836856468080801,-0.9829850370970544
3787,-0.3375333845615387,-0.9123165607452393,-0.1667273868281943,-0.9860030316796402
3788,-0.33949553966522217,-0.9141258597373962,-0.1417736104137393,-0.98989910768232
3789,-0.33952653408050537,-0.9191556572914124,-0.1559057167526238,-0.987771941028824
3790,-0.24039506912231445,-0.9369076490402222,-0.1617010993258307,-0.9868397815637642
3791,-0.2306787073612213,-0.9477803111076355,-0.1829950262534786,-0.9831138389660116
3792,-0.22230319678783417,-0.9478039741516113,-0.2012268822124483,-0.9795446604800914
3793,-0.27993154525756836,-0.9484894275665283,-0.1991425943031943,-0.979970523604763
3794,-0.3495621681213379,-0.9090060591697693,-0.1936015997222761,-0.9810802314719096
3795,-0.33928608894348145,-0.9407379627227783,-0.2257572555719909,-0.9741835871931958
3796,-0.3476892113685608,-0.9140930771827698,-0.2440503575386033,-0.9697625601069984
3797,-0.34995418787002563,-0.893987238407135,-0.2487482262526931,-0.968568180323997
3798,-0.34760716557502747,-0.8980425596237183,-0.2630048157852957,-0.9647945205450448
3799,-0.3467252850532532,-0.9029422402381897,-0.2625509070590014,-0.9649181422289124
3800,-0.34211063385009766,-0.909821629524231,-0.2612167303754777,-0.9652801768253324
3801,-0.3318038582801819,-0.9174094796180725,-0.265728090939385,-0.9640480183505954
3802,-0.3267293870449066,-0.9225857853889465,-0.2563124942553319,-0.9665939712664312
3803,-0.33043938875198364,-0.9224164485931396,-0.2609875922815734,-0.9653421552356798
3804,-0.3052414655685425,-0.9274271726608276,-0.2735055261320365,-0.9618704315942131
3805,-0.28802403807640076,-0.9321609139442444,-0.2786317778008628,-0.960398007286318
3806,-0.2686161398887634,-0.9384292364120483,-0.2710348742631789,-0.9625695283630906
3807,-0.2535441815853119,-0.9430727958679199,-0.2647456730554462,-0.9643182714220544
3808,-0.2505393326282501,-0.9457401633262634,-0.2470511527021472,-0.969002439598859
3809,-0.2582753896713257,-0.9438586831092834,-0.264271366507278,-0.9644483629745948
3810,-0.2591418921947479,-0.9417661428451538,-0.2634934778635199,-0.9646611773692289
3811,-0.2617036998271942,-0.9415441751480103,-0.2395538592012926,-0.9708830766584446
3812,-0.34332019090652466,-0.9092527031898499,-0.2510996321447104,-0.96796124650566
3813,-0.3640519678592682,-0.8904361128807068,-0.261177858613532,-0.9652906951639232
3814,-0.3034238815307617,-0.8715848922729492,-0.2599035565348932,-0.9656345795902886
3815,-0.38624465465545654,-0.9085323810577393,-0.3112476165142265,-0.9503288489855568
3816,-0.37036487460136414,-0.8797456622123718,-0.3293939939582574,-0.9441925633811292
3817,-0.36829695105552673,-0.8984721899032593,-0.3160464784289372,-0.9487437080016222
3818,-0.3659130334854126,-0.9023313522338867,-0.3062429322946523,-0.9519533950880016
3819,-0.3623793125152588,-0.8999794125556946,-0.3113041394682644,-0.950310334969542
3820,-0.3530137538909912,-0.9021205902099609,-0.291812096820955,-0.9564756662607564
3821,-0.3356447219848633,-0.9092250466346741,-0.300596015968063,-0.9537515584176668
3822,-0.3297449052333832,-0.9108011722564697,-0.3043438760885573,-0.9525622316087244
3823,-0.3328429162502289,-0.9114480018615723,-0.2944399050491748,-0.9556699965545812
3824,-0.3410003185272217,-0.9129003286361694,-0.2898098535417227,-0.9570842433088768
3825,-0.3230059742927551,-0.9160533547401428,-0.2903504519157472,-0.956920380738294
3826,-0.31672269105911255,-0.917309045791626,-0.2751633806754303,-0.9613974796801104
3827,-0.30750951170921326,-0.9206571578979492,-0.2713284131271432,-0.9624868270422752
3828,-0.29971539974212646,-0.9245356321334839,-0.2619957605672361,-0.9650690241867652
3829,-0.29408952593803406,-0.9279317855834961,-0.254451164282185,-0.9670856244384156
3830,-0.2894555926322937,-0.9312771558761597,-0.2278084487283626,-0.9737059672652608
3831,-0.29315727949142456,-0.9259268045425415,-0.214924190427013,-0.9766307349092046
3832,-0.2896900177001953,-0.9256191849708557,-0.2387428111162025,-0.9710828338202324
3833,-0.2782682180404663,-0.937006950378418,-0.2434515874856554,-0.9699130499950572
3834,-0.28457191586494446,-0.9339064359664917,-0.2541864208336342,-0.9671552426905344
3835,-0.18386413156986237,-0.9578635692596436,-0.2502607390876535,-0.9681784765585844
3836,-0.1641307771205902,-0.9631069898605347,-0.2402367642857494,-0.9707143231072224
3837,-0.2268867939710617,-0.9553313255310059,-0.239090087537134,-0.970997389307245
3838,-0.22662802040576935,-0.9436652064323425,-0.2606352793088114,-0.96543733674414
3839,-0.23471157252788544,-0.9378628730773926,-0.237548618562868,-0.9713756502089566
3840,-0.2369590699672699,-0.9315873384475708,-0.2306224177698849,-0.9730433188825524
3841,-0.23922964930534363,-0.9309095144271851,-0.2357798498396393,-0.971806494323637
3842,-0.2405230551958084,-0.9325883388519287,-0.2523297538820862,-0.9676413050845886
3843,-0.23666401207447052,-0.9339392185211182,-0.2529718629632273,-0.9674736361001854
3844,-0.22328197956085205,-0.9334391951560974,-0.2325469928280783,-0.9725851613748884
3845,-0.20851893723011017,-0.9401504397392273,-0.2367976488676692,-0.9715589912561892
3846,-0.1964365392923355,-0.9442099928855896,-0.2397150908770057,-0.9708432804556196
3847,-0.19106638431549072,-0.9479478597640991,-0.2422135679822651,-0.9702229576160836
3848,-0.1810045689344406,-0.9508064985275269,-0.2388727314960467,-0.9710508833977844
3849,-0.17373569309711456,-0.9546473026275635,-0.2379527557410805,-0.971276729894846
3850,-0.16945664584636688,-0.9576964378356934,-0.2229867798609655,-0.9748214687865864
3851,-0.1685086488723755,-0.9573074579238892,-0.1962179482638941,-0.980560307568641
3852,-0.16387821733951569,-0.9597194194793701,-0.2074894439626139,-0.978237256826832
3853,-0.1749216467142105,-0.957831621170044,-0.2270709558999572,-0.9738782167122744
3854,-0.18806512653827667,-0.9548606276512146,-0.2266728438696069,-0.9739709553431584
3855,-0.19898472726345062,-0.9511018991470337,-0.2482795153358476,-0.9686884340512156
3856,-0.2656940221786499,-0.9158439636230469,-0.2443079332272816,-0.9696977022568498
3857,-0.2771837115287781,-0.9112110137939453,-0.24412538412083,-0.9697436758380316
3858,-0.27405625581741333,-0.9044651985168457,-0.2621551120269372,-0.9650257495207804
3859,-0.25755560398101807,-0.9543206691741943,-0.3029331907725109,-0.9530117952724328
3860,-0.2342316061258316,-0.953877866268158,-0.3162081208621067,-0.9486898462094212
3861,-0.22910097241401672,-0.9486496448516846,-0.3251571609090398,-0.9456599921269656
3862,-0.22345302999019623,-0.9412242770195007,-0.332101064466185,-0.9432438088746868
3863,-0.2167564183473587,-0.9409995079040527,-0.321714433309284,-0.9468367459073852
3864,-0.21431289613246918,-0.9436405301094055,-0.3544701565428721,-0.935067328121602
3865,-0.21404018998146057,-0.9436137676239014,-0.3558153958613713,-0.9345562605151256
3866,-0.20845608413219452,-0.9467422366142273,-0.3458571078378348,-0.9382871953501488
3867,-0.2012873739004135,-0.9489078521728516,-0.3480177768738178,-0.9374879343115864
3868,-0.21927617490291595,-0.944983720779419,-0.3588916388407308,-0.9333792324506768
3869,-0.207283616065979,-0.9478069543838501,-0.3396176353339379,-0.9405635873082608
3870,-0.18696732819080353,-0.9515794515609741,-0.3312887783941821,-0.943529408820992
3871,-0.14442889392375946,-0.9594392776489258,-0.3442595909883045,-0.9388745038675644
3872,-0.16801366209983826,-0.9599049091339111,-0.3201934363801903,-0.9473521854616924
3873,-0.16469717025756836,-0.9606591463088989,-0.3299893459991687,-0.9439846564044572
3874,-0.16470471024513245,-0.9643936157226562,-0.314705798768468,-0.9491892646998809
3875,-0.15920956432819366,-0.9628322124481201,-0.2807103142104422,-0.9597925398209108
3876,-0.24053068459033966,-0.9284000396728516,-0.2693809502162156,-0.963033698091925
3877,-0.2591380178928375,-0.9182606935501099,-0.2704853621033929,-0.9627240876220956
3878,-0.26231124997138977,-0.9117748141288757,-0.281757321108023,-0.959485701822612
3879,-0.2058715671300888,-0.8912111520767212,-0.2850113095936557,-0.9585241537925424
3880,-0.3150862455368042,-0.8849896192550659,-0.2843163287677266,-0.9587305279357916
3881,-0.3420998752117157,-0.8570483922958374,-0.3010802043258398,-0.9535988205545928
3882,-0.3513617515563965,-0.9118289947509766,-0.3171188285976349,-0.9483858120769542
3883,-0.3435770869255066,-0.9005821347236633,-0.3277665134221046,-0.9447587589851272
3884,-0.34884488582611084,-0.8999975323677063,-0.3162583357813624,-0.9486731075817438
3885,-0.36085665225982666,-0.8959506750106812,-0.3051706548737314,-0.9522976800370448
3886,-0.3717740774154663,-0.8903883695602417,-0.2784904291032813,-0.96043900425684
3887,-0.38250476121902466,-0.889588475227356,-0.2669228254774071,-0.9637179075015456
3888,-0.39119213819503784,-0.8890058994293213,-0.2437214432666485,-0.9698452753362372
3889,-0.3622590899467468,-0.8965796232223511,-0.2237987082609009,-0.974635387301709
3890,-0.34929436445236206,-0.8995739221572876,-0.2209807559504999,-0.975278168267672
3891,-0.36100441217422485,-0.8972792029380798,-0.2197086433813393,-0.9755655344586192
3892,-0.39261698722839355,-0.8861454129219055,-0.2505935680371929,-0.968092383844842
3893,-0.4032588601112366,-0.8851749897003174,-0.2335203970319904,-0.9723519034639782
3894,-0.3892386555671692,-0.8932433128356934,-0.2150568862846709,-0.9766015234790196
3895,-0.37257322669029236,-0.9011611342430115,-0.1794183322778049,-0.9837728711662316
3896,-0.35817205905914307,-0.9096248149871826,-0.1735911040461003,-0.9848178149262208
3897,-0.3459274172782898,-0.9180312156677246,-0.153605179795426,-0.9881323032570156
3898,-0.3463728427886963,-0.9205014705657959,-0.1327168261650288,-0.9911539961341432
3899,-0.34726381301879883,-0.9203556180000305,-0.1381806384564602,-0.9904070431674872
3900,-0.34646064043045044,-0.923407793045044,-0.145008813871355,-0.9894303633402518
3901,-0.23379677534103394,-0.95052170753479,-0.1072768686151432,-0.9942291855805326
3902,-0.2004956752061844,-0.9616838693618774,-0.0971750151264958,-0.9952673090357008
3903,-0.16181589663028717,-0.9633768200874329,-0.1020692385440491,-0.9947772969579864
3904,-0.1254383772611618,-0.9737465977668762,-0.1194883809925178,-0.9928355990836484
3905,-0.18037430942058563,-0.9678085446357727,-0.1463312229708986,-0.9892356509870848
3906,-0.18954820930957794,-0.9491886496543884,-0.1768072650927061,-0.9842454932639708
3907,-0.20586678385734558,-0.9398831129074097,-0.1837891308810853,-0.9829656938927092
3908,-0.21556515991687775,-0.9331375360488892,-0.1696319808485343,-0.9855074789535604
3909,-0.21927915513515472,-0.9357907772064209,-0.1776897268862647,-0.9840865617206064
3910,-0.22314785420894623,-0.9390091300010681,-0.1837534657311889,-0.9829723616825536
3911,-0.21117199957370758,-0.9427231550216675,-0.2072062697081876,-0.9782972767996536
3912,-0.19719967246055603,-0.9453513622283936,-0.2222187539110968,-0.9749968335385504
3913,-0.15726043283939362,-0.9494365453720093,-0.2186208963410301,-0.9758098706628482
3914,-0.19264423847198486,-0.9500831365585327,-0.2041614833132088,-0.9789372241013978
3915,-0.18303318321704865,-0.9530526995658875,-0.20312348777018,-0.9791531283288012
3916,-0.1760929524898529,-0.9557810425758362,-0.2079054095597009,-0.9781489358353423
3917,-0.17444990575313568,-0.9568581581115723,-0.2036552259321486,-0.979042669627083
3918,-0.1750509887933731,-0.9583762288093567,-0.2192153431643922,-0.9756765003428738
3919,-0.17285121977329254,-0.9608228206634521,-0.1917779667081496,-0.9814383380963309
3920,-0.16944178938865662,-0.9633830785751343,-0.2186043932822486,-0.975813567869242
3921,-0.16689589619636536,-0.9645116329193115,-0.2105694438124748,-0.9775789018450148
3922,-0.16567587852478027,-0.9663928747177124,-0.1806647500130206,-0.9835447361979692
3923,-0.17216607928276062,-0.9632750749588013,-0.185198573222782,-0.9827011185890884
3924,-0.1811932921409607,-0.9598453640937805,-0.1633806498867775,-0.9865631065687456
3925,-0.18855269253253937,-0.9611331224441528,-0.1677364231217978,-0.9858318783435162
3926,-0.19046461582183838,-0.9581265449523926,-0.1837594750502755,-0.9829712383021424
3927,-0.08714918792247772,-0.968273937702179,-0.1884496655783026,-0.9820828496330776
3928,-0.1195913553237915,-0.937851071357727,-0.1689768663230417,-0.9856200173736556
3929,-0.18186499178409576,-0.9804559946060181,-0.1517863295578168,-0.9884133296143705
3930,-0.16384375095367432,-0.9526751637458801,-0.1684159644970951,-0.9857160153424074
3931,-0.1625801920890808,-0.9606317281723022,-0.2041143924429587,-0.9789470439189456
3932,-0.16517016291618347,-0.9531049728393555,-0.2097431397806107,-0.9777565214893588
3933,-0.17405499517917633,-0.949256956577301,-0.2025514730248873,-0.9792716174664964
3934,-0.2046676129102707,-0.9429749846458435,-0.1838555393386051,-0.9829532749090928
3935,-0.20118290185928345,-0.9466780424118042,-0.1706718829276911,-0.985327919211628
3936,-0.20543412864208221,-0.9448075890541077,-0.1687574485297668,-0.985657609703148
3937,-0.2160729467868805,-0.9383917450904846,-0.1484677319638794,-0.9889172526382082
3938,-0.22145573794841766,-0.9313405752182007,-0.1491279731784323,-0.988817904174319
3939,-0.21974892914295197,-0.9325799942016602,-0.1319769457120508,-0.991252786024089
3940,-0.2182244211435318,-0.9355248212814331,-0.1352834322074644,-0.9908069403118694
3941,-0.21768368780612946,-0.9376184940338135,-0.1343809164512087,-0.9909297499286884
3942,-0.21451857686042786,-0.9408100843429565,-0.1360303496035851,-0.990704670417338
3943,-0.20421968400478363,-0.9475244283676147,-0.1338836678468627,-0.990997055234712
3944,-0.18923024833202362,-0.9540950655937195,-0.1130674321587414,-0.9935873166385673
3945,-0.17351441085338593,-0.9621089696884155,-0.1096226794312688,-0.993973273360159
3946,-0.1574568748474121,-0.9691735506057739,-0.0965351922676227,-0.9953295718775028
3947,-0.14541667699813843,-0.9712172746658325,-0.0667506624680803,-0.9977696873828512
3948,-0.14723725616931915,-0.9713690876960754,-0.0469844601414066,-0.998895620425488
3949,-0.0706259235739708,-0.9755362272262573,0.0026086132475133,-0.999996597562674
3950,-0.07452408224344254,-0.9748116731643677,0.0351304420346967,-0.9993827355135002
3951,-0.07255436480045319,-0.9671900868415833,0.067962483689561,-0.99768787745003
3952,-0.055406857281923294,-0.9653419256210327,0.0452760205013594,-0.9989745151742164
3953,-0.031163284555077553,-0.9710572957992554,0.0244792745150959,-0.9997003376608484
3954,-0.0044013261795043945,-0.9764487147331238,0.0387910639932217,-0.9992473434311816
3955,0.010105643421411514,-0.9764537215232849,0.037479483070973,-0.9992973973491238
3956,0.034138273447752,-0.9778689742088318,0.0169122203139343,-0.9998569781744052
3957,0.05429184064269066,-0.9787533283233643,0.0303812307229764,-0.9995383838651508
3958,0.08216512203216553,-0.9802525043487549,0.0306252196792003,-0.9995309379501972
3959,0.02598491683602333,-0.9911007285118103,0.0459778489218437,-0.9989424595083144
3960,0.0362524650990963,-0.9704917669296265,0.0468127880704686,-0.9989036804782878
3961,0.0526743046939373,-0.9576460123062134,0.0789560180350061,-0.9968781004797206
3962,0.06783278286457062,-0.9606866836547852,0.0775704310064373,-0.996986874654564
3963,0.07507200539112091,-0.9608193635940552,0.0763920529073405,-0.997077857668398
3964,0.07925166189670563,-0.9642011523246765,0.0596039747126292,-0.9982221026397162
3965,0.07751020789146423,-0.965113639831543,0.0532924779626868,-0.998578946199346
3966,0.06979583203792572,-0.9714676141738892,0.0551288768483059,-0.9984792471240672
3967,0.057032015174627304,-0.9789668321609497,0.0293729136207018,-0.9995685228864656
3968,0.051648225635290146,-0.9856011271476746,0.0159212406329137,-0.9998732490154484
3969,0.058273863047361374,-0.9866746068000793,0.0232002804575649,-0.9997308372690572
3970,0.062426161020994186,-0.982607364654541,0.048208693359813,-0.9988372849891716
3971,0.05493130907416344,-0.983378529548645,0.0470578207770289,-0.9988921671049968
3972,0.1207098513841629,-0.9818019866943359,0.0436100006482629,-0.9990486313705949
3973,0.13038113713264465,-0.9683698415756226,0.0577967272551457,-0.998328371989194
3974,0.12493230402469635,-0.9756985306739807,0.0505159132959323,-0.998723256214592
3975,0.08878152072429657,-0.9707973599433899,0.0459143972465746,-0.9989453779489066
3976,0.09143655002117157,-0.9668782949447632,0.0456053668516646,-0.9989595339723852
3977,0.10841052234172821,-0.9660869240760803,0.0329938884088578,-0.9994555534528106
3978,0.13449475169181824,-0.9649858474731445,0.0309988210961011,-0.9995194210672708
3979,0.13412152230739594,-0.9673078060150146,0.0421536633427323,-0.9991111392967188
3980,0.15416941046714783,-0.9666224718093872,0.0470410655914621,-0.9988929563011344
3981,0.10405616462230682,-0.9850773811340332,0.0565014643782787,-0.9984025162844444
3982,0.10696615278720856,-0.9588249921798706,0.0515851713495046,-0.9986685987337552
3983,0.11673669517040253,-0.9476973414421082,0.0639304279857436,-0.9979543578629032
3984,0.12344270944595337,-0.954208254814148,0.0660299343228665,-0.9978176425446276
3985,0.12196311354637146,-0.9532483816146851,0.0761852258065606,-0.9970936823432408
3986,0.11388979852199554,-0.9537941217422485,0.1093763789343899,-0.994000406303338
3987,0.10189855098724365,-0.9568631649017334,0.111828793995502,-0.9937274882147076
3988,0.08732728660106659,-0.9654207229614258,0.0959612637643802,-0.9953850691349267
3989,0.07199813425540924,-0.9737271070480347,0.0669731448573938,-0.9977547784239926
3990,0.06248195096850395,-0.9806832075119019,0.0647843326543194,-0.9978992886271312
3991,0.061465974897146225,-0.9841614961624146,0.0747826957278898,-0.9971998538004656
3992,0.06788948178291321,-0.9843051433563232,0.0436574232786222,-0.9990465601725832
3993,0.0772145539522171,-0.9835618734359741,0.0361632690364287,-0.999345895059663
3994,0.08940668404102325,-0.9817124009132385,0.0344673991034027,-0.9994058226761772
3995,0.09856726229190826,-0.9809403419494629,0.036186348510502,-0.9993450596172858
3996,0.09927482903003693,-0.9794339537620544,0.0735925256310398,-0.9972883936812084
3997,0.08827866613864899,-0.9786123633384705,0.071917531084881,-0.9974105818180672
3998,0.06900569796562195,-0.9778652191162109,0.0642395722218638,-0.9979345055467076
3999,0.12734054028987885,-0.9742417931556702,0.0670206454853603,-0.9977515888630424
4000,0.11184589564800262,-0.967699408531189,0.0731116898419032,-0.9973237592720136
4001,0.10176961123943329,-0.9700542688369751,0.0607992957568785,-0.9981500115891736
4002,0.10814683139324188,-0.961790919303894,0.0533080456767968,-0.998578115254946
4003,0.13109232485294342,-0.9587235450744629,0.059616021788247,-0.998221383234272
4004,0.14970280230045319,-0.9593851566314697,0.048279856444377,-0.9988338477753496
4005,0.17218080163002014,-0.9601114988327026,0.0500402607390529,-0.9987472014004184
4006,0.1853562742471695,-0.9622356295585632,0.0637924332747233,-0.9979631884277546
4007,0.19214944541454315,-0.9620617628097534,0.0571210341087353,-0.9983672608125472
4008,0.12800569832324982,-0.9842226505279541,0.0486567842145442,-0.9988155572226032
4009,0.12738269567489624,-0.9557759761810303,0.0686974915934846,-0.9976375367079784
4010,0.1329287886619568,-0.9424953460693359,0.0664039456899063,-0.9977928221814446
4011,0.14545045793056488,-0.9457221031188965,0.0776069970747169,-0.996984028961871
4012,0.15116147696971893,-0.9505178928375244,0.0816980262549151,-0.996657128859294
4013,0.14888347685337067,-0.9517781734466553,0.0776614714341351,-0.9969797870843145
4014,0.13649331033229828,-0.959513783454895,0.0491811764616142,-0.998789873738141
4015,0.1160183697938919,-0.9679844379425049,0.0574637646444774,-0.9983475926514191
4016,0.09648212790489197,-0.9752035737037659,0.0661167235292963,-0.9978118955342988
4017,0.08396856486797333,-0.9802544713020325,0.069623523163707,-0.9975733381673112
4018,0.08242060244083405,-0.9841203689575195,0.0733175389099209,-0.9973086475551048
4019,0.09039835631847382,-0.9839269518852234,0.0598438385725988,-0.9982077514149532
4020,0.10300570726394653,-0.9832403659820557,0.0630256280235007,-0.9980119088529172
4021,0.11468769609928131,-0.9800957441329956,0.0667794813833067,-0.9977677589831097
4022,0.1169043630361557,-0.9775624871253967,0.0783908639056377,-0.9969227013445564
4023,0.10540996491909027,-0.97586590051651,0.0723002375848733,-0.9973829132510597
4024,0.1591997593641281,-0.9728258848190308,0.074758881298417,-0.997201639422544
4025,0.1617845743894577,-0.9612973928451538,0.0782477026172206,-0.996933948180684
4026,0.15563999116420746,-0.965673565864563,0.0732052077053223,-0.9973168992676404
4027,0.15178634226322174,-0.9580100178718567,0.0688260970315988,-0.9976286725868484
4028,0.16133137047290802,-0.9539124369621277,0.0579096673897134,-0.9983218270792305
4029,0.16024278104305267,-0.9561311602592468,0.041318637725081,-0.999146020447734
4030,0.15866246819496155,-0.9583448171615601,0.0303164784603867,-0.999540349927786
4031,0.15856017172336578,-0.9588751792907715,0.0339890277730699,-0.9994222060726096
4032,0.15999634563922882,-0.9591326713562012,0.0453868482046672,-0.9989694860254974
4033,0.1611398607492447,-0.9593223333358765,0.0235328458912197,-0.9997230642354212
4034,0.16372846066951752,-0.9606562852859497,-0.0143873093496236,-0.9998964973084356
4035,0.09838622808456421,-0.9749990701675415,-0.0330688017541692,-0.9994530776132232
4036,0.0835256278514862,-0.9531860947608948,-0.0382067886231194,-0.9992698540950328
4037,0.07350717484951019,-0.9491416215896606,-0.0595803896929463,-0.9982235106247682
4038,0.0697365552186966,-0.9541043639183044,-0.0672640786053367,-0.9977352072215228
4039,0.06102398410439491,-0.9545654058456421,-0.0752514389367509,-0.9971645906960136
4040,0.04670378938317299,-0.9547582268714905,-0.0820785446854898,-0.9966258638537896
4041,0.02942929044365883,-0.9566260576248169,-0.1029838770034641,-0.9946830254293754
4042,0.014322485774755478,-0.9608126878738403,-0.1266015543755649,-0.9919536513515592
4043,0.0015511664096266031,-0.9675343036651611,-0.1364440773002482,-0.9906477748269988
4044,-0.008010860532522202,-0.971682608127594,-0.1452336819373962,-0.9893973810511666
4045,-0.013509120792150497,-0.9738715291023254,-0.1220093898034774,-0.992528946076528
4046,-0.011729571968317032,-0.9756637215614319,-0.1255440567551484,-0.9920880453938854
4047,-0.004304390400648117,-0.9785785675048828,-0.1270103588283065,-0.991901390638356
4048,0.010092280805110931,-0.9818713068962097,-0.1457704557344684,-0.9893184392474272
4049,0.0043818093836307526,-0.9845870733261108,-0.179529584849807,-0.9837525746668498
4050,-0.006962016224861145,-0.9862743616104126,-0.1860608737263927,-0.982538218731552
4051,-0.0221609715372324,-0.9868412017822266,-0.1873056691184313,-0.9823016778546684
4052,-0.044276800006628036,-0.9847644567489624,-0.1679112635873227,-0.9858021137938936
4053,-0.07087430357933044,-0.9805998802185059,-0.1651046602382629,-0.986276052212365
4054,-0.09671026468276978,-0.9750439524650574,-0.1758351429629052,-0.9844196272419676
4055,-0.11933226883411407,-0.9733319282531738,-0.1819351137304023,-0.98331053812715
4056,-0.19443272054195404,-0.935877799987793,-0.1731485570729987,-0.984895718938578
4057,-0.1892850548028946,-0.9759135246276855,-0.1982534054745548,-0.9801507982028794
4058,-0.1683763712644577,-0.9639790058135986,-0.2364964865222883,-0.9716323439771924
4059,-0.17849789559841156,-0.9577712416648865,-0.2867135650807464,-0.9580163524693556
4060,-0.18731386959552765,-0.9559707641601562,-0.3347136904336313,-0.9423198742657928
4061,-0.1890168935060501,-0.9524564146995544,-0.3627026376977771,-0.931904928953096
4062,-0.19319428503513336,-0.9535709619522095,-0.3723247529756475,-0.928102514985076
4063,-0.1995149552822113,-0.9511428475379944,-0.4003246912153764,-0.9163733636478713
4064,-0.2054150551557541,-0.9477005004882812,-0.4334499435155283,-0.9011776442335804
4065,-0.21263949573040009,-0.9448647499084473,-0.4613926531905614,-0.887196043488571
4066,-0.2205744832754135,-0.9403406977653503,-0.4678486881414271,-0.883808579390552
4067,-0.23076507449150085,-0.9380269050598145,-0.4824006054619326,-0.8759507154229402
4068,-0.24034757912158966,-0.9357125759124756,-0.4882984179168383,-0.8726767185274927
4069,-0.24920062720775604,-0.9355947971343994,-0.4884920025719881,-0.8725683717756498
4070,-0.2547963857650757,-0.9366492033004761,-0.4486021067997749,-0.8937315870969333
4071,-0.24316845834255219,-0.9384540319442749,-0.4635622024048004,-0.8860643794339161
4072,-0.24473199248313904,-0.9387385845184326,-0.4460110978706317,-0.895027430069176
4073,-0.24311432242393494,-0.9414492845535278,-0.4363080909151944,-0.8997973381834037
4074,-0.24581556022167206,-0.9464812278747559,-0.446091058928906,-0.894987579323695
4075,-0.24538151919841766,-0.9504234790802002,-0.4485241041343017,-0.8937707357093999
4076,-0.2374400943517685,-0.94990074634552,-0.4663460417734467,-0.8846023792203132
4077,-0.2262517362833023,-0.9512639045715332,-0.4523848584564759,-0.8918228186356941
4078,-0.20971544086933136,-0.9518609046936035,-0.4477643585158928,-0.8941515974614433
4079,-0.20399874448776245,-0.9531171321868896,-0.4692294457901736,-0.8830762861743296
4080,-0.2425376921892166,-0.9449374079704285,-0.4518751715265537,-0.8920811786815411
4081,-0.32411983609199524,-0.9101874232292175,-0.4495660545204756,-0.8932470893447639
4082,-0.3503248989582062,-0.8950419425964355,-0.435176039561644,-0.9003453862776454
4083,-0.3655431568622589,-0.883243203163147,-0.4328803896831713,-0.9014513676442816
4084,-0.3930920362472534,-0.8670872449874878,-0.4554798185308028,-0.890246109180572
4085,-0.4312880039215088,-0.8516515493392944,-0.4819476420941453,-0.8762000172790991
4086,-0.4687565565109253,-0.8334650993347168,-0.4863534813692401,-0.8737621479327313
4087,-0.45743289589881897,-0.8686619997024536,-0.4682045287715425,-0.8836201215668518
4088,-0.4561716914176941,-0.858058512210846,-0.4639991969988893,-0.8858356197311021
4089,-0.4766801595687866,-0.851746678352356,-0.4693308314879693,-0.8830224066323636
4090,-0.4930244982242584,-0.8480476140975952,-0.4686405474282303,-0.8833889501834221
4091,-0.5007941722869873,-0.8414137363433838,-0.4844072376026013,-0.8748426305103204
4092,-0.5058634877204895,-0.8394490480422974,-0.4645681970913485,-0.8855373454865096
4093,-0.5100640654563904,-0.8405328989028931,-0.4255731614130221,-0.9049240212774362
4094,-0.5096050500869751,-0.8414409160614014,-0.410048916012897,-0.9120635320396536
4095,-0.5007548928260803,-0.8478832840919495,-0.3755712692323324,-0.9267935162306732
4096,-0.48930466175079346,-0.8548473119735718,-0.3593216585398041,-0.9332137727788872
4097,-0.47158822417259216,-0.8664469718933105,-0.3540366157561968,-0.9352315620764192
4098,-0.4398215413093567,-0.88531094789505,-0.3263541941371231,-0.9452475548601588
4099,-0.4204034209251404,-0.8934698700904846,-0.3291646215833567,-0.944272551702042
4100,-0.4033062756061554,-0.9004300832748413,-0.3283486348526254,-0.9445566017928292
4101,-0.3925114572048187,-0.9044444561004639,-0.3230466073036717,-0.9463830564362335
4102,-0.38165193796157837,-0.909956693649292,-0.3413158631794611,-0.9399486589926384
4103,-0.3744615316390991,-0.9106217622756958,-0.3171896616301239,-0.9483621241672232
4104,-0.36863988637924194,-0.9121964573860168,-0.2863797411287767,-0.9581161953912556
4105,-0.2424880564212799,-0.9444608092308044,-0.270839135755989,-0.9626246218245972
4106,-0.19651924073696136,-0.9597361087799072,-0.2610263637734977,-0.9653316722324952
4107,-0.16763640940189362,-0.9644614458084106,-0.2478834661045637,-0.9687898571062704
4108,-0.2154746800661087,-0.9626346826553345,-0.2621802061245926,-0.9650189322062372
4109,-0.21107417345046997,-0.9460275769233704,-0.2896068500079231,-0.95714569028361
4110,-0.22504599392414093,-0.9401003122329712,-0.2803837970843224,-0.9598879759287422
4111,-0.23660223186016083,-0.9330635070800781,-0.2750901580040492,-0.961418433861816
4112,-0.2402670830488205,-0.9387800097465515,-0.2790549996968832,-0.9602751205483628
4113,-0.23572467267513275,-0.9469318389892578,-0.2930411032978934,-0.9560998440424272
4114,-0.225624680519104,-0.9543439149856567,-0.3150951841981517,-0.9490600744395123
4115,-0.21646593511104584,-0.959790825843811,-0.3169832737933791,-0.9484311277764094
4116,-0.2129364013671875,-0.9595253467559814,-0.3345441643597585,-0.9423800730558932
4117,-0.21360187232494354,-0.9575924277305603,-0.3371321636563347,-0.941457330009384
4118,-0.21660761535167694,-0.955058217048645,-0.3426034947463039,-0.939480093130035
4119,-0.22135725617408752,-0.9540236592292786,-0.3415435470550795,-0.9398659507956624
4120,-0.2243213802576065,-0.9522217512130737,-0.3291531797861946,-0.944276540128281
4121,-0.22210368514060974,-0.9496736526489258,-0.3241157491126881,-0.946017431751192
4122,-0.2137986272573471,-0.9490480422973633,-0.3340454627005619,-0.9425569631853384
4123,-0.19431233406066895,-0.9504610896110535,-0.3188527550919245,-0.9478042627939004
4124,-0.19184838235378265,-0.951137900352478,-0.3137272558006543,-0.949513143125355
4125,-0.18532706797122955,-0.9547726511955261,-0.3042239088558875,-0.9526005528449186
4126,-0.18190482258796692,-0.95409095287323,-0.2985027269386996,-0.9544087813982852
4127,-0.2294255793094635,-0.9202052354812622,-0.3029839920546426,-0.9529956456136788
4128,-0.23224198818206787,-0.921411395072937,-0.2854776591662997,-0.95838536409783
4129,-0.21155904233455658,-0.9402356147766113,-0.276929101531277,-0.9608903541638244
4130,-0.1936083436012268,-0.9488328099250793,-0.2779377472350393,-0.960599088414054
4131,-0.18924663960933685,-0.9543644785881042,-0.290040973356288,-0.9570142286165536
4132,-0.19856558740139008,-0.9532445073127747,-0.2854546670911072,-0.9583922125288296
4133,-0.22422076761722565,-0.9451788663864136,-0.2797794730858734,-0.960064292867822
4134,-0.22913594543933868,-0.990472137928009,-0.2871211584842146,-0.9578942740984948
4135,-0.21331916749477386,-0.9694139957427979,-0.286549390237906,-0.9580654711209898
4136,-0.21993963420391083,-0.9546855688095093,-0.2781905797488914,-0.9605258983176744
4137,-0.22604282200336456,-0.9455915093421936,-0.2829561494075018,-0.9591328466445508
4138,-0.22283770143985748,-0.9425740242004395,-0.296845604905347,-0.954925487589675
4139,-0.21762076020240784,-0.9467053413391113,-0.3097409041355515,-0.9508209990872578
4140,-0.2164558619260788,-0.9484076499938965,-0.3067599489030351,-0.9517869161472052
4141,-0.2174813598394394,-0.9516264796257019,-0.2879217105022893,-0.9576539503502484
4142,-0.21814055740833282,-0.9539974927902222,-0.2764687994365845,-0.9610228940759392
4143,-0.2153058499097824,-0.9547866582870483,-0.2886914644688336,-0.9574221839621432
4144,-0.20692463219165802,-0.9560657143592834,-0.2993878660681905,-0.954131492851554
4145,-0.199460968375206,-0.9567195177078247,-0.2868930772384355,-0.9579626100389624
4146,-0.1939423829317093,-0.9596947431564331,-0.2802873837987088,-0.9599161330466716
4147,-0.18777473270893097,-0.9636704921722412,-0.2735838349438471,-0.9618481612278612
4148,-0.18310897052288055,-0.965390682220459,-0.2654037764888206,-0.9641373529873596
4149,-0.1859143227338791,-0.964771568775177,-0.2643639393343521,-0.9644229920421968
4150,-0.19187448918819427,-0.9656311273574829,-0.2614805051027348,-0.9652087574463976
4151,-0.1972411572933197,-0.9649060964584351,-0.2418126219545071,-0.9703229647202454
4152,-0.25991323590278625,-0.9332880973815918,-0.2515677924515276,-0.967839679802944
4153,-0.13423824310302734,-0.9834315776824951,-0.2478584157882802,-0.9687962663650824
4154,-0.17884263396263123,-0.9940592050552368,-0.2768068988321607,-0.9609255646297074
4155,-0.16846808791160583,-0.9541186094284058,-0.2817899205906455,-0.9594761282353604
4156,-0.1715405434370041,-0.9771991968154907,-0.2898407844450781,-0.9570748767323598
4157,-0.17008419334888458,-0.9650455713272095,-0.302721834113151,-0.9530789532620946
4158,-0.16568970680236816,-0.9640353918075562,-0.289094141572696,-0.9573006723638848
4159,-0.16109898686408997,-0.9662042856216431,-0.2704300273624255,-0.9627396326633476
4160,-0.16049380600452423,-0.9650611877441406,-0.3081908385624407,-0.9513245539910024
4161,-0.1676216572523117,-0.963030219078064,-0.2969992003675764,-0.9548777277646704
4162,-0.17877234518527985,-0.9587149024009705,-0.3203243221433925,-0.9473079376018002
4163,-0.18504591286182404,-0.9561500549316406,-0.3137155222556208,-0.9495170199084813
4164,-0.19194339215755463,-0.9542801976203918,-0.2875422228084586,-0.9577679625579312
4165,-0.1964253932237625,-0.9521802663803101,-0.2823648401457798,-0.9593070921500833
4166,-0.19634148478507996,-0.9515824913978577,-0.2739424923866437,-0.9617460740055004
4167,-0.19564667344093323,-0.9522100687026978,-0.2868159560179044,-0.9579857031154148
4168,-0.1943071335554123,-0.9556542634963989,-0.2921514504649507,-0.9563720667142184
4169,-0.18837088346481323,-0.9600852131843567,-0.2972912491339913,-0.9547868417549288
4170,-0.18380317091941833,-0.9620598554611206,-0.2925638139137034,-0.9562460011881188
4171,-0.1886730194091797,-0.9615552425384521,-0.3099939932268008,-0.9507385151361556
4172,-0.20025204122066498,-0.9601885080337524,-0.3112541845250002,-0.9503266978337908
4173,-0.21097613871097565,-0.9575896263122559,-0.3150777297359161,-0.9490658692759216
4174,-0.29169750213623047,-0.9184674620628357,-0.3089428334921559,-0.9510806094300516
4175,-0.3058403432369232,-0.9090778827667236,-0.3164464294332705,-0.9486103822428544
4176,-0.3075631260871887,-0.9071868062019348,-0.3654147677758699,-0.9308448031177416
4177,-0.3202418088912964,-0.8998615145683289,-0.3654654093122611,-0.930824921559485
4178,-0.3487092852592468,-0.8916684985160828,-0.3490101567523554,-0.9371189414816544
4179,-0.38071513175964355,-0.8771567940711975,-0.3431042357165399,-0.9392973349442492
4180,-0.40450555086135864,-0.8658527135848999,-0.3284834299361591,-0.9445097332782636
4181,-0.4307554364204407,-0.8512543439865112,-0.3493219791774618,-0.9370027507235724
4182,-0.425890177488327,-0.8834351897239685,-0.3876580109321116,-0.921803268902947
4183,-0.42901861667633057,-0.8715764284133911,-0.3920426468993099,-0.9199470435911966
4184,-0.4475904107093811,-0.868283748626709,-0.3916360095681239,-0.9201202291057166
4185,-0.4558865427970886,-0.863046407699585,-0.4083840512531102,-0.9128102029896998
4186,-0.4493870437145233,-0.8609771132469177,-0.4156658000797771,-0.9095174229469376
4187,-0.4482905864715576,-0.8629184365272522,-0.4257369574607431,-0.9048469721737866
4188,-0.4478555917739868,-0.868301272392273,-0.400473119628746,-0.9163085072478702
4189,-0.4478381872177124,-0.8693127632141113,-0.3924815829132015,-0.9197598638089988
4190,-0.44210097193717957,-0.8720993399620056,-0.3962797237956038,-0.918129827697848
4191,-0.43112844228744507,-0.8760238885879517,-0.3891095454589893,-0.9211914902085768
4192,-0.41306790709495544,-0.8858592510223389,-0.3816248590969668,-0.9243172977496528
4193,-0.39242231845855713,-0.8976602554321289,-0.3616166118871639,-0.9323268879568196
4194,-0.3753626346588135,-0.9085979461669922,-0.3636136556061237,-0.9315498427119996
4195,-0.36802366375923157,-0.9175695776939392,-0.3807938061751146,-0.9246599792240764
4196,-0.363273561000824,-0.923256516456604,-0.390475947685646,-0.9206131295386768
4197,-0.36282163858413696,-0.9246751666069031,-0.3832402221155088,-0.9236487060310622
4198,-0.42119795083999634,-0.8870548605918884,-0.3774300195451077,-0.92603810955391
4199,-0.4093608856201172,-0.8831779360771179,-0.3776121906595385,-0.9259638402579792
4200,-0.4046953618526459,-0.8915601968765259,-0.3969431218900178,-0.9178432099134396
4201,-0.41214627027511597,-0.8827352523803711,-0.3814686467307734,-0.9243817780340504
4202,-0.42221736907958984,-0.8760850429534912,-0.3788305405591597,-0.9254660563951844
4203,-0.4482738971710205,-0.8602141737937927,-0.3850808992105456,-0.9228828208733748
4204,-0.4830355644226074,-0.8376575112342834,-0.4057873931994136,-0.9139675002539338
4205,-0.49497324228286743,-0.8306159973144531,-0.4014858377806981,-0.9158652313858906
4206,-0.4629775285720825,-0.8755422234535217,-0.4312613986837481,-0.902227025756454
4207,-0.49006006121635437,-0.8420708179473877,-0.4199027296646974,-0.9075691145142258
4208,-0.4970651865005493,-0.8386774063110352,-0.4036656932162187,-0.9149065570429964
4209,-0.5080952048301697,-0.8327316641807556,-0.4064219932660473,-0.913685483845318
4210,-0.5056057572364807,-0.8299508094787598,-0.3923165881468598,-0.9198302531797956
4211,-0.5027090907096863,-0.8348391056060791,-0.3957224437199416,-0.9183701582348576
4212,-0.5060528516769409,-0.8367304801940918,-0.3601597646201032,-0.9328906387936324
4213,-0.5056766271591187,-0.8386304974555969,-0.3403382314480829,-0.9403030831677578
4214,-0.5025519728660583,-0.8398425579071045,-0.330296031522833,-0.9438773922286028
4215,-0.4951603412628174,-0.8413628339767456,-0.3228223544172949,-0.946459575200375
4216,-0.48212161660194397,-0.8486183881759644,-0.3105995240042462,-0.9505408648176762
4217,-0.4624745845794678,-0.8596605062484741,-0.3046715093808823,-0.9524574905850522
4218,-0.4423496127128601,-0.8720192313194275,-0.3065841403445688,-0.9518435611428916
4219,-0.42560940980911255,-0.8812912106513977,-0.3009623236459605,-0.9536360310651144
4220,-0.41794919967651367,-0.8852180242538452,-0.307914036250391,-0.9514141822991672
4221,-0.4151502847671509,-0.8885074853897095,-0.3019429505072331,-0.9533259959945426
4222,-0.47494077682495117,-0.8588379621505737,-0.2904127499161519,-0.9569014759556694
4223,-0.4603855013847351,-0.8521415591239929,-0.286314591815754,-0.9581356660271958
4224,-0.4554636478424072,-0.862297773361206,-0.293996092812373,-0.9558066213471524
4225,-0.460997611284256,-0.8544381260871887,-0.2819097538430189,-0.9594409261065364
4226,-0.4590478241443634,-0.8508387804031372,-0.2868477769307203,-0.95797617552312
4227,-0.47403156757354736,-0.8406271934509277,-0.2950661007426683,-0.9554768423109572
4228,-0.4866832196712494,-0.8307139277458191,-0.312306732897156,-0.9499813180200464
4229,-0.4597613215446472,-0.8772388100624084,-0.3349740143758992,-0.9422273662407046
4230,-0.43995529413223267,-0.8725143671035767,-0.3430435626931108,-0.9393194952170522
4231,-0.43606093525886536,-0.8711413145065308,-0.3302283655699062,-0.9439010682126748
4232,-0.4394247531890869,-0.8709758520126343,-0.3183821796912647,-0.9479624400022604
4233,-0.44690749049186707,-0.867013692855835,-0.3357397851321243,-0.9419547742219024
4234,-0.4425811469554901,-0.8719547986984253,-0.336556571357106,-0.9416632488720952
4235,-0.4371393620967865,-0.8785044550895691,-0.3321899950475069,-0.9432124931267276
4236,-0.43322932720184326,-0.8809698820114136,-0.3394340041235325,-0.9406298723965052
4237,-0.4329051077365875,-0.8824976086616516,-0.3334949492813501,-0.942751886131144
4238,-0.43383973836898804,-0.8828355073928833,-0.3366024259128304,-0.9416468588964748
4239,-0.4318773150444031,-0.8804684281349182,-0.3198742913795435,-0.9474599926722156
4240,-0.4282918870449066,-0.8795114755630493,-0.3092798080645992,-0.9509710828009044
4241,-0.4207165837287903,-0.8814742565155029,-0.320542071989467,-0.9472342794075282
4242,-0.4068632125854492,-0.8869580626487732,-0.3309832895880956,-0.9436366154476218
4243,-0.3947174549102783,-0.8919068574905396,-0.3153854600286687,-0.9489636513600008
4244,-0.3849732577800751,-0.8991156220436096,-0.3248505116707958,-0.9457653752740276
4245,-0.377400279045105,-0.9032771587371826,-0.3254888510429607,-0.9455458782347546
4246,-0.4383530616760254,-0.8776457905769348,-0.3061423198016949,-0.9519857562098484
4247,-0.3918790817260742,-0.9158960580825806,-0.3090167778872657,-0.9510565866362382
4248,-0.4247662127017975,-0.8809037208557129,-0.3293622032933175,-0.9442036533723916
4249,-0.4108215272426605,-0.876963198184967,-0.320933073009007,-0.947101875538738
4250,-0.39972084760665894,-0.8879069685935974,-0.3406300461049227,-0.9401974110209824
4251,-0.3986934721469879,-0.8802651762962341,-0.3417171614053296,-0.9398028418775312
4252,-0.4395909607410431,-0.8584247827529907,-0.3689842967606622,-0.9294356291556932
4253,-0.40893256664276123,-0.9057966470718384,-0.3771917407774746,-0.926135190287713
4254,-0.39332500100135803,-0.8960609436035156,-0.3804176210698975,-0.924814810423968
4255,-0.38758260011672974,-0.89705890417099,-0.3700487698929331,-0.929012329251193
4256,-0.3831309676170349,-0.9004025459289551,-0.3648720399184649,-0.9310576751661188
4257,-0.3791350722312927,-0.8980225324630737,-0.3639209363319886,-0.9314298428219104
4258,-0.3813363313674927,-0.8996185064315796,-0.3560623642416122,-0.9344621944041788
4259,-0.3829525113105774,-0.9004013538360596,-0.350572217230494,-0.9365357016719092
4260,-0.38397109508514404,-0.9013813734054565,-0.3653032346367204,-0.930888579134984
4261,-0.382767915725708,-0.9018417596817017,-0.3669755106380138,-0.930230602910896
4262,-0.3801206946372986,-0.9016648530960083,-0.359802675951853,-0.9330284209914969
4263,-0.38016751408576965,-0.9006825089454651,-0.3457585306496978,-0.9383235254873248
4264,-0.37875351309776306,-0.9005985260009766,-0.3303734172266835,-0.9438503086771566
4265,-0.36576104164123535,-0.9044294357299805,-0.3271880905875813,-0.9449592337120436
4266,-0.34727534651756287,-0.9102823734283447,-0.3376735673090092,-0.9412632798217552
4267,-0.32940566539764404,-0.917212724685669,-0.3397307437029712,-0.9405227385784068
4268,-0.31393617391586304,-0.9241641759872437,-0.3394390228281849,-0.940628061340638
4269,-0.30866068601608276,-0.9273267984390259,-0.3440557045231053,-0.9389492383431116
4270,-0.3747468590736389,-0.8989452123641968,-0.3421277588462018,-0.9396534449608936
4271,-0.37267494201660156,-0.8933789730072021,-0.3394470394441818,-0.940625168392054
4272,-0.3716432452201843,-0.8964943885803223,-0.3507096939830442,-0.9364842286692924
4273,-0.3675975799560547,-0.8906466960906982,-0.3368188538063581,-0.9415694662214632
4274,-0.3775485157966614,-0.8857993483543396,-0.3424933852902919,-0.9395202398205136
4275,-0.39338138699531555,-0.8756004571914673,-0.3338086815701294,-0.942640845767046
4276,-0.3804849088191986,-0.9205007553100586,-0.3319340923866169,-0.9433025804647588
4277,-0.36252111196517944,-0.9117851853370667,-0.3365330081145669,-0.9416716701958072
4278,-0.35373368859291077,-0.9144984483718872,-0.3397950414677084,-0.9404995107887928
4279,-0.34724393486976624,-0.9140885472297668,-0.3329878453629396,-0.9429311188207476
4280,-0.33423131704330444,-0.9107400178909302,-0.326906729616218,-0.9450566068398384
4281,-0.3291621208190918,-0.9143573045730591,-0.3175127795096235,-0.9482539927931088
4282,-0.3315992057323456,-0.9145963788032532,-0.3140650390419385,-0.94940147000707
4283,-0.34270763397216797,-0.9112581014633179,-0.3163014099566339,-0.9486587468945012
4284,-0.35273391008377075,-0.9050912857055664,-0.3162582426682283,-0.948673138622784
4285,-0.35891279578208923,-0.899623692035675,-0.294771407407733,-0.955567798418754
4286,-0.35986435413360596,-0.8975086212158203,-0.2867064907173108,-0.9580184696448
4287,-0.3604484498500824,-0.895710289478302,-0.2763788257087997,-0.9610487733199732
4288,-0.3574587404727936,-0.8947546482086182,-0.2776099716012422,-0.9606938657384868
4289,-0.34590426087379456,-0.9027444124221802,-0.266053831160243,-0.9639581728088396
4290,-0.3265898823738098,-0.9130491018295288,-0.2367709857793568,-0.9715654894514684
4291,-0.308492511510849,-0.9209641218185425,-0.1958269413040086,-0.980638470109916
4292,-0.30152830481529236,-0.9232490658760071,-0.1784771951388885,-0.9839440486203244
4293,-0.3035357594490051,-0.9255691766738892,-0.1717483572342507,-0.9851408537804816
4294,-0.31418922543525696,-0.9251724481582642,-0.1890945326111233,-0.9819588880073242
4295,-0.21236540377140045,-0.9434206485748291,-0.1809851084211965,-0.9834858364662744
4296,-0.19383621215820312,-0.952850878238678,-0.1667745969213624,-0.9859950475644982
4297,-0.16945849359035492,-0.9556755423545837,-0.1624228418687224,-0.9867212475868188
4298,-0.14915676414966583,-0.9653715491294861,-0.1509412684008113,-0.9885427322546833
4299,-0.12935201823711395,-0.968746542930603,-0.1574621839734775,-0.9875250177176792
4300,-0.18446852266788483,-0.9582324028015137,-0.1607163440343626,-0.9870006366564452
4301,-0.1813393384218216,-0.9445996880531311,-0.1754373082975973,-0.9844906047582648
4302,-0.18351425230503082,-0.9381728172302246,-0.1891902362295127,-0.9819404536505364
4303,-0.18148009479045868,-0.9389745593070984,-0.186972228231109,-0.9823651998469276
4304,-0.17731626331806183,-0.9435974955558777,-0.1839750652491116,-0.9829309107798904
4305,-0.1740264743566513,-0.9487631320953369,-0.1700686758574091,-0.9854322125301708
4306,-0.1738220453262329,-0.9520306587219238,-0.1563056191574689,-0.9877087391634236
4307,-0.17344628274440765,-0.9543509483337402,-0.1477055134962428,-0.989031385388154
4308,-0.173369899392128,-0.9565825462341309,-0.1640427243227475,-0.9864532348757192
4309,-0.17062179744243622,-0.9559025764465332,-0.1619871186942471,-0.9867928725812404
4310,-0.16702860593795776,-0.9579787254333496,-0.1558247312088992,-0.9877847200395814
4311,-0.16491153836250305,-0.9565370082855225,-0.1528165079453019,-0.9882545800042636
4312,-0.16394904255867004,-0.9532482624053955,-0.1780625653206472,-0.98401916791871
4313,-0.1629580706357956,-0.9510071873664856,-0.180795053174595,-0.9835207922294248
4314,-0.1607063114643097,-0.9521480798721313,-0.174557658965023,-0.984646953835054
4315,-0.15780530869960785,-0.9560240507125854,-0.1771408351703186,-0.9841855132621908
4316,-0.1551329791545868,-0.9592536687850952,-0.1555946405928678,-0.9878209897642266
4317,-0.15935194492340088,-0.9634233713150024,-0.1375385843789965,-0.9904964097900716
4318,-0.17059576511383057,-0.9626966714859009,-0.1324215991285876,-0.9911934826683576
4319,-0.18640919029712677,-0.9615017175674438,-0.1446223825725856,-0.9894869208125132
4320,-0.10340693593025208,-0.9641499519348145,-0.1633382409315132,-0.986570128804536
4321,-0.14485467970371246,-0.9244464635848999,-0.1808269606426254,-0.9835149263253458
4322,-0.129770889878273,-0.955592930316925,-0.2234009864525411,-0.9747266279588506
4323,-0.15553371608257294,-0.9816826581954956,-0.2572123846454345,-0.9663548981533696
4324,-0.13332600891590118,-0.9582849144935608,-0.2820466391542391,-0.9594006948829036
4325,-0.19700376689434052,-0.9341174364089966,-0.2999562819437966,-0.9539529490087304
4326,-0.20680324733257294,-0.9591131806373596,-0.3238017748439757,-0.9461249445014602
4327,-0.19125959277153015,-0.9442001581192017,-0.3663007386448172,-0.9304965173864228
4328,-0.18928377330303192,-0.942385196685791,-0.3492137188633529,-0.9370431038952408
4329,-0.18559902906417847,-0.9529646635055542,-0.3613692205218333,-0.932422804557805
4330,-0.18410749733448029,-0.9532471895217896,-0.3588317683511436,-0.9334022509197152
4331,-0.18759311735630035,-0.9549397230148315,-0.3642169634074358,-0.9313141272236056
4332,-0.19208674132823944,-0.9550708532333374,-0.3565255999307167,-0.9342855540968416
4333,-0.1946316510438919,-0.9537811875343323,-0.3535151450263143,-0.9354288012655072
4334,-0.1933503895998001,-0.9536619186401367,-0.3537659083129102,-0.9353339949534292
4335,-0.1919880211353302,-0.954231858253479,-0.3629190365859947,-0.9318206763554312
4336,-0.19205641746520996,-0.9529519081115723,-0.3663545964729485,-0.9304753138279076
4337,-0.19047999382019043,-0.9539213180541992,-0.3583345759698133,-0.933593236728145
4338,-0.18218635022640228,-0.9590339064598083,-0.3526531508141216,-0.935754110448291
4339,-0.16668739914894104,-0.9644402265548706,-0.3458900133146648,-0.9382750655800148
4340,-0.14852117002010345,-0.9670320749282837,-0.3457431904703535,-0.9383291779772068
4341,-0.13840000331401825,-0.9668354988098145,-0.3424836895201401,-0.9395237742668742
4342,-0.13907299935817719,-0.9682469367980957,-0.3371246177747703,-0.9414600321257482
4343,-0.1479395031929016,-0.966748833656311,-0.3306461090678259,-0.943754814853046
4344,-0.16040083765983582,-0.9648481607437134,-0.3197623013787952,-0.947497794518244
4345,-0.1730053722858429,-0.9625645279884338,-0.3359492733432547,-0.9418800803393916
4346,-0.23784741759300232,-0.932582676410675,-0.327784072614438,-0.9447526669664884
4347,-0.2478286474943161,-0.9237545728683472,-0.304446332105695,-0.9525294908124308
4348,-0.13781090080738068,-0.9726428985595703,-0.3112596604161758,-0.950324904334095
4349,-0.16936753690242767,-0.9809659719467163,-0.3200641669591992,-0.9473958671161248
4350,-0.14028817415237427,-0.9500478506088257,-0.3028793882596956,-0.9530288957672964
4351,-0.1320720911026001,-0.9669724106788635,-0.3383057988826507,-0.9410362301433306
4352,-0.11234097182750702,-0.957404375076294,-0.3136677892105622,-0.949532789329446
4353,-0.1073780506849289,-0.9587087631225586,-0.293617298188617,-0.9559230524495248
4354,-0.10783614218235016,-0.9612334966659546,-0.3094069910065548,-0.9509297102921276
4355,-0.11797063052654266,-0.9614774584770203,-0.2904554443749891,-0.9568885174527528
4356,-0.13908305764198303,-0.9587991237640381,-0.2825652679324722,-0.9592480749828224
4357,-0.16222608089447021,-0.9537500739097595,-0.2674316216054881,-0.963576840612859
4358,-0.17840887606143951,-0.9502919912338257,-0.2305632003446205,-0.9730573521878586
4359,-0.1875617355108261,-0.9492172598838806,-0.2077616640576286,-0.9781794778812348
4360,-0.1965332180261612,-0.9470244646072388,-0.215702195703112,-0.976459196673807
4361,-0.20303194224834442,-0.9448373913764954,-0.1994871167916098,-0.9799004491447948
4362,-0.20648209750652313,-0.9450900554656982,-0.2106788833229023,-0.9775553222819744
4363,-0.20456387102603912,-0.9485797882080078,-0.2204122277332968,-0.9754068124970448
4364,-0.1923646479845047,-0.9558091759681702,-0.2275007183281818,-0.97377791264752
4365,-0.17645825445652008,-0.9606233835220337,-0.2288791537557673,-0.9734548438299764
4366,-0.16533878445625305,-0.9620597958564758,-0.2138551711179633,-0.9768653775142748
4367,-0.1651042103767395,-0.9604626893997192,-0.191315085233605,-0.9815286741415448
4368,-0.17466320097446442,-0.9583182334899902,-0.178855367455573,-0.983875377033256
4369,-0.18923839926719666,-0.9559091329574585,-0.1659118720670618,-0.9861405836427192
4370,-0.10633963346481323,-0.9695457220077515,-0.1754144467649675,-0.9844946784346476
4371,-0.1023498922586441,-0.972109854221344,-0.186664646073608,-0.9824236916454196
4372,-0.1088828444480896,-0.9697394371032715,-0.1850237653235019,-0.9827340465586372
4373,-0.10864467918872833,-0.9735581278800964,-0.1757580030473717,-0.9844334027067552
4374,-0.08807651698589325,-0.9742453694343567,-0.167894833699158,-0.9858049121490174
4375,-0.031342267990112305,-0.9754061698913574,-0.1595203260232045,-0.987194644224456
4376,-0.01937626674771309,-0.9755667448043823,-0.162626401456765,-0.9866877183532908
4377,-0.08113540709018707,-0.9719396829605103,-0.1612860467163254,-0.9869077014263388
4378,-0.08862286806106567,-0.9546643495559692,-0.1564654090673913,-0.987683439045818
4379,-0.09444861114025116,-0.9493162631988525,-0.1382293183449936,-0.9904002501766032
4380,-0.09508104622364044,-0.9509707689285278,-0.1119211099607552,-0.9937170951257468
4381,-0.10027662664651871,-0.95179283618927,-0.1060763079541266,-0.9943579923200804
4382,-0.10130444169044495,-0.9531913995742798,-0.1138631577215078,-0.9934964425269408
4383,-0.09557821601629257,-0.9527742862701416,-0.130374272362173,-0.9914648501616352
4384,-0.08498619496822357,-0.9551516771316528,-0.1197624756255893,-0.9928025732400324
4385,-0.0737849622964859,-0.9577728509902954,-0.1230834410321962,-0.9923963253376517
4386,-0.06548413634300232,-0.9606475830078125,-0.129673719218676,-0.9915567187730594
4387,-0.05768967419862747,-0.9627625942230225,-0.1404038016064311,-0.9900943250491148
4388,-0.05023382231593132,-0.9663838744163513,-0.14079170882503,-0.9900392389830456
4389,-0.0430549681186676,-0.970203161239624,-0.1185757968618582,-0.9929450037129828
4390,-0.036784932017326355,-0.9764291048049927,-0.1147314207846267,-0.9933965477515718
4391,-0.027034858241677284,-0.9804960489273071,-0.0827825984101709,-0.9965676301187292
4392,-0.02110534906387329,-0.9794527292251587,-0.060239312825661,-0.9981839636010448
4393,-0.033547043800354004,-0.9796245098114014,-0.0572505987869981,-0.9983598394058778
4394,0.024762902408838272,-0.9787813425064087,-0.0649778095776965,-0.997886709132096
4395,0.02701054885983467,-0.9767203330993652,-0.0702107893204756,-0.9975321774574472
4396,0.02330121025443077,-0.9751267433166504,-0.0874892147822795,-0.996165466826059
4397,0.02102934941649437,-0.9706978797912598,-0.0938418938072235,-0.9955871126961588
4398,0.02958584949374199,-0.9687684774398804,-0.1142818415781007,-0.9934483684044771
4399,0.02343069389462471,-0.968706488609314,-0.1077075244272574,-0.9941826236571184
4400,-0.03704255074262619,-0.9803433418273926,-0.1123355196149122,-0.9936703331753683
4401,-0.03706642985343933,-0.9590852856636047,-0.1102425184878397,-0.9939047173232746
4402,-0.04483836144208908,-0.9545668363571167,-0.1156128420946455,-0.9932943525173182
4403,-0.05026646703481674,-0.9564562439918518,-0.1137362162500471,-0.9935109828850018
4404,-0.05553825944662094,-0.9600875377655029,-0.0850465716820551,-0.9963769771753708
4405,-0.06117317080497742,-0.9641086459159851,-0.0747322183563511,-0.9972036379494104
4406,-0.06678131222724915,-0.9635143280029297,-0.0776819448665381,-0.9969781920592607
4407,-0.06979630887508392,-0.9631987810134888,-0.0880893973842864,-0.996112572989857
4408,-0.06878313422203064,-0.9618594646453857,-0.0928419184092925,-0.995680861614846
4409,-0.0660591721534729,-0.961776614189148,-0.1016966098557656,-0.9948154600446476
4410,-0.06419039517641068,-0.9626609086990356,-0.0963249706398823,-0.9953499384795408
4411,-0.06583510339260101,-0.9630171656608582,-0.1177098655863428,-0.99304802882018
4412,-0.070188507437706,-0.9624422788619995,-0.1297636687524521,-0.9915449512109392
4413,-0.07074880599975586,-0.9647177457809448,-0.1326280715794983,-0.9911658764450596
4414,-0.06666512042284012,-0.9698809385299683,-0.1378501946650812,-0.9904530901717654
4415,-0.05577200651168823,-0.9738001227378845,-0.1411392314194567,-0.9899897561865604
4416,-0.047794926911592484,-0.9764212369918823,-0.141588367262222,-0.9899256205675344
4417,-0.04494907706975937,-0.9789928197860718,-0.1151151944422597,-0.9933521490430876
4418,-0.04430714249610901,-0.9798367023468018,-0.1044730194844898,-0.9945277211821668
4419,-0.026696480810642242,-0.9784672856330872,-0.114276258511029,-0.99344901063956
4420,-0.03644200786948204,-0.975176990032196,-0.1231231238940777,-0.9923914028056487
4421,-0.06558405607938766,-0.9719454646110535,-0.1285429505016916,-0.9917039426544192
4422,0.02128550037741661,-0.9767509698867798,-0.1283565666567661,-0.991728083597559
4423,0.045787643641233444,-0.9760767221450806,-0.1544770349408071,-0.987996379384002
4424,0.04971977695822716,-0.9773107767105103,-0.1769812665358978,-0.9842142202261404
4425,-0.01046060398221016,-0.9910855293273926,-0.2010886755214721,-0.9795730419815666
4426,-0.010364565998315811,-0.963445782661438,-0.2120889260619538,-0.9772503709090558
4427,-0.013842884451150894,-0.9583988189697266,-0.2201923817239094,-0.9754564649592272
4428,-0.024410102516412735,-0.9604192972183228,-0.259524667020463,-0.9657364791742712
4429,-0.041038986295461655,-0.9600704908370972,-0.2574269911611902,-0.9662977513280762
4430,-0.056986890733242035,-0.9643816947937012,-0.2452540688303738,-0.96945883962247
4431,-0.06961211562156677,-0.9683512449264526,-0.2214660050974919,-0.9751680924774752
4432,-0.08039616048336029,-0.9680608510971069,-0.2253088376261461,-0.974287394810974
4433,-0.08914269506931305,-0.9667685031890869,-0.239227722287346,-0.970963488957854
4434,-0.0951227992773056,-0.9632847905158997,-0.2307331572347139,-0.973017065704657
4435,-0.09678658843040466,-0.9611557722091675,-0.2187548063046248,-0.9757798597627572
4436,-0.09884218871593475,-0.9590005874633789,-0.218597311058078,-0.9758151544212552
4437,-0.1073647290468216,-0.9570009112358093,-0.2206549464116398,-0.9753519337265274
4438,-0.1174178421497345,-0.9552183747291565,-0.2209506985432311,-0.9752849782567444
4439,-0.12122419476509094,-0.9562317132949829,-0.2173744915856092,-0.9760882800279378
4440,-0.11677141487598419,-0.9599416255950928,-0.2191117545942071,-0.975699768883158
4441,-0.10757426917552948,-0.9666327834129333,-0.2217042497765534,-0.9751139552026808
4442,-0.09554721415042877,-0.9712343215942383,-0.2129945829909997,-0.977053380126434
4443,-0.08809951692819595,-0.9755648374557495,-0.201207275902969,-0.9795486879801872
4444,-0.08744296431541443,-0.9777063131332397,-0.1786156359924658,-0.9839189268323923
4445,-0.11313150823116302,-0.9742347002029419,-0.1671946790082085,-0.9859239013794838
4446,-0.09799787402153015,-0.9749146699905396,-0.1821047431122822,-0.9832791376491264
4447,-0.13250310719013214,-0.967076301574707,-0.1913907770233428,-0.9815139176142136
4448,-0.13300630450248718,-0.9663152098655701,-0.1808974755863839,-0.9835019589845632
4449,-0.21688343584537506,-0.9367865920066833,-0.19321002888421,-0.9811574209771656
4450,-0.24296249449253082,-0.9259507656097412,-0.1889081010301138,-0.9819947705386196
4451,-0.24832655489444733,-0.9134294986724854,-0.1877837968016328,-0.9822103876760636
4452,-0.24152351915836334,-0.9581036567687988,-0.2045282383142466,-0.9788606641049944
4453,-0.22697491943836212,-0.9585233330726624,-0.2144685615797637,-0.9767308923618148
4454,-0.22833016514778137,-0.9499166011810303,-0.2373467444525132,-0.9714249960227468
4455,-0.227509543299675,-0.9431729316711426,-0.2378900798153308,-0.97129208270502
4456,-0.21611380577087402,-0.9380942583084106,-0.2380415319823626,-0.9712549763329348
4457,-0.2104247808456421,-0.9414177536964417,-0.234756791446175,-0.9720541388574492
4458,-0.2142638862133026,-0.940653920173645,-0.2367329857100927,-0.9715747492997052
4459,-0.22266720235347748,-0.9393091201782227,-0.2367989998135011,-0.9715586619897564
4460,-0.2269856184720993,-0.9377754926681519,-0.2207874944734363,-0.9753219377642144
4461,-0.23139847815036774,-0.9401343464851379,-0.199009100623766,-0.9799976417670196
4462,-0.23708759248256683,-0.9392009973526001,-0.2139175613992287,-0.9768517169586216
4463,-0.24423134326934814,-0.9367218017578125,-0.1953420815114259,-0.980735168733529
4464,-0.24959178268909454,-0.9364426136016846,-0.1724240503705301,-0.9850228153976032
4465,-0.25140145421028137,-0.9368954300880432,-0.1566345795345265,-0.987656624791249
4466,-0.24533937871456146,-0.9397722482681274,-0.1674343340037461,-0.9858832303050508
4467,-0.23190094530582428,-0.9455605745315552,-0.1736657926011516,-0.9848046468616066
4468,-0.22201962769031525,-0.9488175511360168,-0.1511193870643223,-0.988515518772115
4469,-0.22273121774196625,-0.9474937319755554,-0.1388357040022243,-0.990315428181449
4470,-0.22745679318904877,-0.948764979839325,-0.152431884113651,-0.988313978807121
4471,-0.23660682141780853,-0.9471573829650879,-0.1309350382454182,-0.9913909500089614
4472,-0.2501593828201294,-0.9454085230827332,-0.1561607854265661,-0.9877316483210196
4473,-0.15653468668460846,-0.9617083072662354,-0.1505929646333267,-0.9885958522080424
4474,-0.22262917459011078,-0.9267327785491943,-0.151521955927612,-0.9884538921324914
4475,-0.21947403252124786,-0.9009044766426086,-0.1456355348972123,-0.9893383096672256
4476,-0.1758740395307541,-0.9494317173957825,-0.1405566445464229,-0.9900726385845892
4477,-0.22555305063724518,-0.9351072311401367,-0.1531988203320457,-0.9881953862717988
4478,-0.20756284892559052,-0.9871735572814941,-0.1605121973970374,-0.9870338568087592
4479,-0.20622672140598297,-0.9606621265411377,-0.1735097692148381,-0.984832148128306
4480,-0.21288451552391052,-0.9276527166366577,-0.1705149962716579,-0.9853550811999076
4481,-0.20687414705753326,-0.924018383026123,-0.1685065978738996,-0.985700525754635
4482,-0.1892630010843277,-0.9257944822311401,-0.1694299582575212,-0.9855422310813752
4483,-0.17640787363052368,-0.9338093400001526,-0.152157324197961,-0.988356286312237
4484,-0.16769884526729584,-0.9403813481330872,-0.1517338373042677,-0.9884213891943668
4485,-0.15800489485263824,-0.9489408731460571,-0.1520263291021086,-0.9883764441040354
4486,-0.14803782105445862,-0.9602355360984802,-0.1405342914767486,-0.9900758117028858
4487,-0.14317339658737183,-0.9678435325622559,-0.1549477926383843,-0.9879226597039328
4488,-0.1444953978061676,-0.9704123139381409,-0.1510697985086588,-0.9885230983535758
4489,-0.1504465639591217,-0.9702568054199219,-0.14924931412407,-0.98879959659857
4490,-0.15256094932556152,-0.9696593284606934,-0.144193543943233,-0.9895495045146004
4491,-0.1481442004442215,-0.9678554534912109,-0.1508461744147161,-0.9885572475402956
4492,-0.147324800491333,-0.9700191617012024,-0.1484135076928654,-0.988925391894808
4493,-0.16035078465938568,-0.9688194990158081,-0.148112587238808,-0.9889705058804468
4494,-0.15444791316986084,-0.9703482985496521,-0.145466592407214,-0.989363164107818
4495,-0.15053437650203705,-0.9712882041931152,-0.138298082676452,-0.9903906503637931
4496,-0.14966240525245667,-0.9749699831008911,-0.1476351788790304,-0.9890418868568494
4497,-0.14989180862903595,-0.9759442210197449,-0.1096649421061845,-0.9939686114122755
4498,-0.1456689089536667,-0.9719085097312927,-0.0927978129169032,-0.9956849732309108
4499,-0.0697789341211319,-0.9759748578071594,-0.0815541359232635,-0.9966689133878964
4500,-0.06033109501004219,-0.9774410128593445,-0.1059705008049071,-0.9943692739416062
4501,-0.04845747351646423,-0.9737859964370728,-0.1307400978788699,-0.991416676683736
4502,-0.08784155547618866,-0.9447488784790039,-0.1177190829275538,-0.9930469362093092
4503,-0.10718140006065369,-0.9398273229598999,-0.1102886802152958,-0.9938995960439708
4504,-0.16813801229000092,-0.9842184782028198,-0.1025317211715599,-0.9947297352314334
4505,-0.1442384570837021,-0.9614071846008301,-0.0914121877881007,-0.9958131410680384
4506,-0.14525634050369263,-0.9566288590431213,-0.1260289379897717,-0.9920265655662504
4507,-0.14631034433841705,-0.9373077154159546,-0.095320358028099,-0.9954466481662364
4508,-0.13845345377922058,-0.93253093957901,-0.096644117707211,-0.9953190013822678
4509,-0.12419511377811432,-0.93733811378479,-0.0925123137883627,-0.995711540456132
4510,-0.10723266005516052,-0.9419811964035034,-0.1093857193890544,-0.9939993784674812
4511,-0.0935245007276535,-0.9509973526000977,-0.1186047273145375,-0.9929415484602526
4512,-0.08323973417282104,-0.960766077041626,-0.1305080257024147,-0.9914472528719104
4513,-0.07766029238700867,-0.9688957333564758,-0.1321225591698679,-0.9912333879356592
4514,-0.07379800826311111,-0.9739638566970825,-0.1409960253568844,-0.9900101619849974
4515,-0.07177740335464478,-0.9736987948417664,-0.1607340292826999,-0.9869977567505148
4516,-0.06755823642015457,-0.9751372337341309,-0.1595341857628066,-0.9871924045357108
4517,-0.06575366854667664,-0.9753081202507019,-0.1634899309179671,-0.9865450027689756
4518,-0.060749657452106476,-0.9762722849845886,-0.1758504190898022,-0.9844168985272148
4519,-0.050920385867357254,-0.9784002304077148,-0.1824206603409991,-0.9832205768192374
4520,-0.05471684783697128,-0.9783015251159668,-0.2046742398008167,-0.9788301464309104
4521,-0.07513628900051117,-0.9780293703079224,-0.2157292980190045,-0.976453209312268
4522,-0.07659611105918884,-0.9751197099685669,-0.2064681659708065,-0.978453318478021
4523,-0.0771787166595459,-0.9738011360168457,-0.1905498962479356,-0.981677511731781
4524,-0.11259277164936066,-0.9671927094459534,-0.21616161952883,-0.9763575954754864
4525,-0.12893283367156982,-0.9671139717102051,-0.2276801849122691,-0.9737359669840252
4526,-0.14115837216377258,-0.9633082747459412,-0.2410184121895033,-0.97052054330944
4527,-0.14934706687927246,-0.9597402811050415,-0.2632277210428974,-0.9647337284839598
4528,-0.2077537477016449,-0.926441490650177,-0.2829696803142059,-0.9591288547546029
4529,-0.2225327044725418,-0.91820228099823,-0.3123270193600765,-0.9499746485973456
4530,-0.20319855213165283,-0.9612368941307068,-0.3512066334219543,-0.9362979764158508
4531,-0.17092593014240265,-0.9612164497375488,-0.3748131557126341,-0.9271003712137844
4532,-0.17084789276123047,-0.9603942632675171,-0.398344300826551,-0.9172359663679822
4533,-0.18145856261253357,-0.9552605152130127,-0.4190807260534391,-0.9079489771184956
4534,-0.18306322395801544,-0.9495280981063843,-0.4240575302720354,-0.9056352527478057
4535,-0.17910058796405792,-0.9530392289161682,-0.4348769826291218,-0.9004898722247744
4536,-0.17076553404331207,-0.954623281955719,-0.4473766938136104,-0.8943456232533388
4537,-0.16367749869823456,-0.9544874429702759,-0.4632666840670993,-0.8862189229719
4538,-0.1596800833940506,-0.9545022249221802,-0.4948784221824905,-0.8689622242987141
4539,-0.1583884358406067,-0.9516735076904297,-0.5304172086648011,-0.8477367425989278
4540,-0.16124500334262848,-0.9490963220596313,-0.5624485423931052,-0.8268322908304147
4541,-0.16799306869506836,-0.946251392364502,-0.5979628838171719,-0.8015237922713532
4542,-0.18312318623065948,-0.9422326683998108,-0.6215795748707893,-0.7833510273839237
4543,-0.20627567172050476,-0.9386072158813477,-0.6486213189658202,-0.7611112826538835
4544,-0.23383769392967224,-0.9327338933944702,-0.6616045731802357,-0.7498529114079628
4545,-0.35263973474502563,-0.8838525414466858,-0.6813932235774995,-0.7319175328291185
4546,-0.4017113447189331,-0.868209719657898,-0.6901667787059017,-0.7236503420649498
4547,-0.43147823214530945,-0.840718150138855,-0.7157861088825096,-0.698319587531981
4548,-0.5151824355125427,-0.8001129031181335,-0.7313755361051839,-0.6819749446914122
4549,-0.5688430666923523,-0.7723400592803955,-0.7542060395483824,-0.656637837707167
4550,-0.6024543642997742,-0.7503111362457275,-0.7720073435535795,-0.6356136102219221
4551,-0.6214118599891663,-0.7400909066200256,-0.7848892157750128,-0.619636118185573
4552,-0.6389366984367371,-0.73136967420578,-0.7946084312958569,-0.607122261915619
4553,-0.6481987237930298,-0.7276372313499451,-0.8219842180428838,-0.5695102679394191
4554,-0.6576854586601257,-0.7228992581367493,-0.8446085939635317,-0.535384276013917
4555,-0.6672718524932861,-0.7166044116020203,-0.8767159859098154,-0.4810083991472295
4556,-0.6784610748291016,-0.7089859843254089,-0.8911819231978938,-0.4536460952827692
4557,-0.6923219561576843,-0.6972856521606445,-0.9058595810212602,-0.4235781149587251
4558,-0.7089017033576965,-0.6825716495513916,-0.909832411961796,-0.4149758814000891
4559,-0.7242040634155273,-0.6658484935760498,-0.8961918778876841,-0.4436666744394337
4560,-0.7336530089378357,-0.6559396386146545,-0.898276513808563,-0.439430659763215
4561,-0.7382364869117737,-0.6528759002685547,-0.9060578999941872,-0.4231537331255908
4562,-0.7405656576156616,-0.6531587839126587,-0.9141639307247088,-0.4053446777274246
4563,-0.7406256794929504,-0.6558058261871338,-0.92867919615929,-0.3708840123555272
4564,-0.740020751953125,-0.6565933227539062,-0.9441272081627468,-0.3295812719297282
4565,-0.7437105774879456,-0.5909112095832825,-0.9562033482072873,-0.2927031890451035
4566,-0.7560362219810486,-0.5620932579040527,-0.9634810797288548,-0.2677764160722896
4567,-0.8087244033813477,-0.49223577976226807,-0.9682177952305876,-0.250108578419094
4568,-0.8793739080429077,-0.4290045499801636,-0.9749558738936754,-0.2223983901925092
4569,-0.9190446138381958,-0.30681079626083374,-0.9837152350861674,-0.1797340709475151
4570,-0.939049482345581,-0.21375855803489685,-0.9849038040491134,-0.1731025614183272
4571,-0.9464520812034607,-0.15313637256622314,-0.9886783026200632,-0.1500507045245405
4572,-0.9623081684112549,-0.11133724451065063,-0.9935807331419854,-0.1131252700727597
4573,-0.9875363111495972,-0.08590714633464813,-0.9969900307417224,-0.0775298561950147
4574,-1.002715826034546,-0.07670250535011292,-0.9962115157990752,-0.0869633013938019
4575,-1.0131981372833252,-0.07084174454212189,-0.9984606572079324,-0.0554645473063997
4576,-1.0113346576690674,-0.06211535632610321,-0.9996660832821128,-0.0258403160855295
4577,-1.0077780485153198,-0.04768615961074829,-0.9999603244084604,-0.0089078397452223
4578,-1.001930594444275,-0.03603483736515045,-0.9999747656029072,-0.0071040944117409
4579,-1.0001518726348877,-0.021829083561897278,-0.9997996047201524,0.02001875124545
4580,-0.9987125396728516,-0.00713367760181427,-0.998778336950676,0.0494149131137757
4581,-0.9918893575668335,0.008100107312202454,-0.9983229841455606,0.057889716934034
4582,-0.9882729053497314,0.02683873474597931,-0.9989287291327232,0.0462751997649111
4583,-0.9847326278686523,0.04374958574771881,-0.999039233128575,0.0438247723310549
4584,-0.9773738384246826,0.058399274945259094,-0.9987649307427756,0.0496851398144215
4585,-0.9743314981460571,0.07587726414203644,-0.9995291658720992,0.0306830013366654
4586,-0.9753944873809814,0.09443242847919464,-0.9996989569836252,0.0245355946708482
4587,-0.9660735726356506,0.1118166595697403,-0.9995687594231216,0.0293648631074842
4588,-0.9603832960128784,0.12866653501987457,-0.9994124612562204,0.0342743677663598
4589,-0.9551486968994141,0.14303790032863617,-0.999503757685584,0.0314998154343444
4590,-0.9537127017974854,0.15749819576740265,-0.9995926441338168,0.0285402486598252
4591,-0.9476428031921387,0.17323161661624908,-0.9985126650506853,0.0545202506723694
4592,-0.9441579580307007,0.18860773742198944,-0.9986250420492644,0.0524216118800742
4593,-0.9397003650665283,0.20577390491962433,-0.9986714454728052,0.0515300300529507
4594,-0.9333342909812927,0.23166953027248383,-0.9988928325958596,0.0470436923361659
4595,-0.9280508160591125,0.2480330914258957,-0.9989800796439472,0.0451530782402812
4596,-0.9247832894325256,0.2633035182952881,-0.9990527202132856,0.043516229552141
4597,-0.918395459651947,0.2830392122268677,-0.9993144674182084,0.0370215505977601
4598,-0.9057775139808655,0.31225305795669556,-0.999263280323588,0.0383783349943963
4599,-0.9073774814605713,0.30513572692871094,-0.9992145683047368,0.0396263357828945
4600,-0.909274697303772,0.29168689250946045,-0.9989971322300564,0.0447742090507825
4601,-0.9126879572868347,0.2818535566329956,-0.9994302478975898,0.0337517345830132
4602,-0.9036553502082825,0.3053557872772217,-0.9995179148629856,0.0310473488070996
4603,-0.9057382345199585,0.2994547486305237,-0.9994925153407248,0.031854540930156
4604,-0.906274676322937,0.2932204604148865,-0.9991562316482816,0.0410709722115896
4605,-0.9132455587387085,0.2743760943412781,-0.9988512172017684,0.0479191599941564
4606,-0.9145092964172363,0.2649034261703491,-0.9989022764602846,0.0468427377771742
4607,-0.9136565923690796,0.2654985189437866,-0.998797998009316,0.0490159073422323
4608,-0.9110208749771118,0.27147793769836426,-0.9988495834592844,0.0479532024291841
4609,-0.9123376607894897,0.2616342306137085,-0.9988508934723656,0.0479259074974804
4610,-0.9187107086181641,0.24819214642047882,-0.9987661694377848,0.0496602334526733
4611,-0.9199424982070923,0.23694194853305817,-0.9988565097887822,0.0478087110532441
4612,-0.925029993057251,0.22074837982654572,-0.9987203829225202,0.0505726876396204
4613,-0.930331826210022,0.20062260329723358,-0.9985869795229388,0.0531417380902597
4614,-0.9355541467666626,0.1763790398836136,-0.9988077707001736,0.0488163618979301
4615,-0.940192699432373,0.15305118262767792,-0.998880238971765,0.0473103391629103
4616,-0.9430930614471436,0.1369534581899643,-0.9989928364056292,0.0448699544264988
4617,-0.9451961517333984,0.12464137375354767,-0.9988944966271252,0.0470083461530189
4618,-0.9463107585906982,0.1194419413805008,-0.998939310179444,0.0460462221926684
4619,-0.9463279843330383,0.12062086164951324,-0.9990897660002188,0.0426572323718735
4620,-0.9450652003288269,0.12908785045146942,-0.9989759127727086,0.0452451732224971
4621,-0.9440597295761108,0.13929857313632965,-0.9989311519962144,0.046222868490781
4622,-0.9421448707580566,0.14878781139850616,-0.9989510389837492,0.0457910658675677
4623,-0.9403702616691589,0.15797920525074005,-0.9988686423255484,0.0475545516088199
4624,-0.9384699463844299,0.1665203720331192,-0.9989481476137908,0.0458540988241611
4625,-0.9363464117050171,0.17678751051425934,-0.9987710621263411,0.0495617338177389
4626,-0.9341063499450684,0.1865808516740799,-0.9987187256130527,0.0506054059349354
4627,-0.9280517101287842,0.2101554423570633,-0.998630471872034,0.0523180719124726
4628,-0.9287837147712708,0.20744799077510834,-0.9986936154324886,0.0510985566761383
4629,-0.9278593063354492,0.20808656513690948,-0.998690876657829,0.0511520564632269
4630,-0.9290826320648193,0.2039797157049179,-0.9987448120768092,0.0500879261864465
4631,-0.9294857978820801,0.20251192152500153,-0.9986405558013592,0.0521252367740646
4632,-0.9257268905639648,0.21450607478618622,-0.9988836955867588,0.0472373019015613
4633,-0.9161151647567749,0.24330128729343414,-0.998909502579513,0.0466883888814972
4634,-0.9060629606246948,0.2699431777000427,-0.9988517597200404,0.047907850131047
4635,-0.9023998379707336,0.27875781059265137,-0.999041289946075,0.0437778595054916
4636,-0.9018659591674805,0.27914226055145264,-0.998996139439047,0.0447963546048138
4637,-0.9027676582336426,0.27733540534973145,-0.998834659193094,0.0482630665687129
4638,-0.9035132527351379,0.2742421627044678,-0.9988657522688652,0.0476152175712148
4639,-0.9045194387435913,0.2708531618118286,-0.9988933855636032,0.047031949537338
4640,-0.9054321646690369,0.26736539602279663,-0.9989199162976068,0.0464650494886449
4641,-0.9058211445808411,0.26534903049468994,-0.9989288270203652,0.0462730866456651
4642,-0.9026280045509338,0.27234339714050293,-0.9987948449175218,0.0490801157922788
4643,-0.897687554359436,0.28390002250671387,-0.9990628347123058,0.0432833951604071
4644,-0.8991904258728027,0.27860504388809204,-0.9990354350570836,0.0439112684888918
4645,-0.8981750011444092,0.2812551259994507,-0.9990531840887809,0.0435055785166509
4646,-0.8984472155570984,0.2798401117324829,-0.9989525124532244,0.0457589102076358
4647,-0.8992443084716797,0.27711760997772217,-0.9990637770825942,0.0432616379886446
4648,-0.9008159637451172,0.27255767583847046,-0.9990355412096424,0.043908853320907
4649,-0.9041053056716919,0.26378142833709717,-0.9988501234330438,0.0479419536292927
4650,-0.9089738130569458,0.2516855001449585,-0.9988613719301016,0.0477070190424369
4651,-0.9149502515792847,0.23554299771785736,-0.9988505280530424,0.0479335228014606
4652,-0.9223355650901794,0.21429048478603363,-0.9988608954924668,0.04771699336701
4653,-0.9283093810081482,0.19483835995197296,-0.9990120658369874,0.0444397604866926
4654,-0.9337712526321411,0.17581196129322052,-0.9989223375649692,0.0464129670861258
4655,-0.9326947927474976,0.1799091249704361,-0.9989851210619948,0.0450414020291498
4656,-0.9257584810256958,0.20333929359912872,-0.998937594901697,0.0460834188403289
4657,-0.9158593416213989,0.23210661113262177,-0.9989359944546792,0.0461180982136241
4658,-0.9081659317016602,0.25278663635253906,-0.998711924639924,0.0507394479869347
4659,-0.9011157155036926,0.2709922790527344,-0.9992121997849476,0.0396860151807402
4660,-0.8955510258674622,0.2848339080810547,-0.9991663647307214,0.0408237135840809
4661,-0.8891458511352539,0.3008793592453003,-0.9991062496942196,0.042269395807742
4662,-0.878493070602417,0.3264041543006897,-0.9991593822766104,0.0409942533609585
4663,-0.8691723942756653,0.3448939919471741,-0.9991534380739998,0.0411388768065653
4664,-0.8640749454498291,0.3514869213104248,-0.9985952229785025,0.0529866081620158
4665,-0.8630083799362183,0.3523111939430237,-0.9989132506999344,0.0466081277900125
4666,-0.8644715547561646,0.3486987352371216,-0.998867876029833,0.0475706446839891
4667,-0.8614884614944458,0.3543434143066406,-0.998957756778051,0.0456442786443648
4668,-0.8539398908615112,0.3705928325653076,-0.999073230046718,0.0430427810906502
4669,-0.8530438542366028,0.3723421096801758,-0.9990468643619744,0.0436504617215766
4670,-0.8518710136413574,0.37561506032943726,-0.998977983507252,0.0451994299497729
4671,-0.8501875400543213,0.37964463233947754,-0.9992514358729764,0.0386854999424214
4672,-0.8483740091323853,0.38375890254974365,-0.9991811011324956,0.0404614278004822
4673,-0.8462682962417603,0.38833433389663696,-0.9992225173444172,0.039425383091175
4674,-0.8445367813110352,0.3925473093986511,-0.9994876810809932,0.0320058645772704
4675,-0.8432803153991699,0.3959306478500366,-0.999993578750256,-0.003583637573139
4676,-0.841374397277832,0.3969709277153015,-0.9995671816278217,-0.0294185215912267
4677,-0.8394205570220947,0.40031981468200684,-0.9955461158677028,-0.094275825006895
4678,-0.8411738276481628,0.402309775352478,-0.9916877787984444,-0.128667592585732
4679,-0.890130877494812,0.3459368348121643,-0.9842588084900782,-0.1767331262375323
4680,-0.9286704063415527,0.22412393987178802,-0.9758848454345288,-0.2182859785951123
4681,-0.9479789733886719,0.06990881264209747,-0.9718211930869052,-0.2357192581592437
4682,-1.0005024671554565,-0.02584649622440338,-0.972663977002281,-0.2322171135857694
4683,-1.001078724861145,-0.08201657235622406,-0.9639985658559254,-0.2659074369545144
4684,-1.0141215324401855,-0.11040568351745605,-0.9608564012799998,-0.2770468843341284
4685,-1.0044636726379395,-0.12289993464946747,-0.9592101977261512,-0.2826938212592515
4686,-0.9866194725036621,-0.13113714754581451,-0.9653423503346736,-0.2609868706474103
4687,-0.9734504222869873,-0.1437530368566513,-0.9640722923550816,-0.2656400103772365
4688,-0.9642133116722107,-0.16108959913253784,-0.9617671769729892,-0.2738683941191588
4689,-0.9542402625083923,-0.18272936344146729,-0.957195517283975,-0.2894421214879816
4690,-0.9451979994773865,-0.2008219063282013,-0.9417994683102824,-0.3361751946388508
4691,-0.9350520372390747,-0.2190796136856079,-0.9155443074753667,-0.4022171317204814
4692,-0.9284687042236328,-0.23350265622138977,-0.8999770331558234,-0.4359373117686095
4693,-0.9254664182662964,-0.24310453236103058,-0.8918459535255326,-0.4523392478882785
4694,-0.9206456542015076,-0.24812382459640503,-0.889742411931669,-0.456462967183556
4695,-0.887653648853302,-0.3011283874511719,-0.8669467817811861,-0.4984007198622855
4696,-0.8529738187789917,-0.3856200575828552,-0.8568883671648774,-0.5155020137860863
4697,-0.8229851126670837,-0.4582374393939972,-0.8457982413079451,-0.5335028912765019
4698,-0.8227843642234802,-0.48437538743019104,-0.817326497134683,-0.5761747973328486
4699,-0.807464063167572,-0.5101120471954346,-0.7866280348654565,-0.6174271898480905
4700,-0.7825968265533447,-0.5330179333686829,-0.7656606752505702,-0.6432446893483388
4701,-0.7780588865280151,-0.5490421056747437,-0.7534557994670219,-0.6574985614048984
4702,-0.7807588577270508,-0.5616187453269958,-0.7158080909682745,-0.6982970549159967
4703,-0.784475564956665,-0.5717993378639221,-0.6904950004255475,-0.7233371650809346
4704,-0.7872178554534912,-0.5793324708938599,-0.6783560625704341,-0.7347333205823303
4705,-0.7891309261322021,-0.5837880373001099,-0.6643711939301072,-0.7474027807520413
4706,-0.7904266119003296,-0.58628910779953,-0.649109882460988,-0.7606946565419547
4707,-0.7931454181671143,-0.5851225256919861,-0.6467865389709943,-0.7626710778611724
4708,-0.7951409816741943,-0.5834436416625977,-0.6723642592720099,-0.740220442066822
4709,-0.797216534614563,-0.5815415382385254,-0.676262234184239,-0.7366609740010268
4710,-0.8017091751098633,-0.5781430006027222,-0.6566676786388933,-0.7541800579642816
4711,-0.80576491355896,-0.5742538571357727,-0.6676799874695978,-0.7444484094499751
4712,-0.771682858467102,-0.617610514163971,-0.6214116505586939,-0.7834842439704323
4713,-0.7519740462303162,-0.6485093235969543,-0.6104857453475919,-0.7920272436775108
4714,-0.7447518110275269,-0.6620468497276306,-0.6057003726682245,-0.7956928167010017
4715,-0.7357444167137146,-0.6680757403373718,-0.5782482470039131,-0.8158608734563152
4716,-0.7226529121398926,-0.6735386848449707,-0.5452194250620479,-0.8382933725939923
4717,-0.7121366262435913,-0.6859427690505981,-0.523952010996804,-0.8517477855400652
4718,-0.7043401002883911,-0.6966745257377625,-0.4672735892994799,-0.8841127715077873
4719,-0.6982386708259583,-0.703219473361969,-0.445819864585477,-0.8951227001595853
4720,-0.6923388838768005,-0.7074486613273621,-0.4362141409522069,-0.8998428880828743
4721,-0.6872835159301758,-0.7120807766914368,-0.4286899986172802,-0.9034516506628988
4722,-0.6817445755004883,-0.7189246416091919,-0.4180155364421395,-0.9084398776435292
4723,-0.6766343116760254,-0.7228556275367737,-0.4049653212763212,-0.9143320450271696
4724,-0.6644101142883301,-0.7296663522720337,-0.4092696890723518,-0.912413459790363
4725,-0.6974880695343018,-0.7160484790802002,-0.4189306088507881,-0.908018251450877
4726,-0.676209568977356,-0.7073731422424316,-0.4318596542528798,-0.9019408179191044
4727,-0.6687308549880981,-0.7233419418334961,-0.4530431433233296,-0.8914885923486161
4728,-0.6642091274261475,-0.7300780415534973,-0.435732816508664,-0.9000760593513344
4729,-0.6608006954193115,-0.734802782535553,-0.4290018828541939,-0.903303594871379
4730,-0.6545332670211792,-0.7398778796195984,-0.4204401031442923,-0.9073202960741136
4731,-0.6496763229370117,-0.7434972524642944,-0.4297499650745312,-0.9029479317870102
4732,-0.6060972213745117,-0.7927984595298767,-0.4269222386275233,-0.9042883401688114
4733,-0.5934816598892212,-0.7970633506774902,-0.4264684951453956,-0.9045024171600768
4734,-0.5920214653015137,-0.7907091975212097,-0.4239193453514343,-0.9056999440415194
4735,-0.5872387886047363,-0.7909216284751892,-0.432766906697805,-0.9015058538174964
4736,-0.5703315138816833,-0.7973580360412598,-0.4222819750197053,-0.9064645241670836
4737,-0.5521104335784912,-0.8139230012893677,-0.3960018320625033,-0.9182497203937178
4738,-0.5369951725006104,-0.8281322717666626,-0.3697414416871368,-0.929134686845302
4739,-0.5211667418479919,-0.8358745574951172,-0.3503802955658969,-0.9366075210455844
4740,-0.5059906244277954,-0.843436598777771,-0.3411726822813429,-0.9400006387577372
4741,-0.49183163046836853,-0.8505326509475708,-0.3441749741960002,-0.9389055262044114
4742,-0.48356711864471436,-0.8549755215644836,-0.3456774184946639,-0.9383534101514552
4743,-0.4805130362510681,-0.8571999669075012,-0.3380394928250574,-0.9411319255505988
4744,-0.4755709171295166,-0.8579304814338684,-0.3409065443589218,-0.9400971907272452
4745,-0.468138188123703,-0.8604847192764282,-0.3591619798886828,-0.9332752392528376
4746,-0.5171993374824524,-0.844702422618866,-0.3599909523627824,-0.9329557943530534
4747,-0.4908156394958496,-0.8376968502998352,-0.3597837083146817,-0.9330357352381184
4748,-0.47804373502731323,-0.8537791967391968,-0.3711141788227682,-0.9285872421462092
4749,-0.46984267234802246,-0.8521194458007812,-0.3678137016955717,-0.929899500400447
4750,-0.46801143884658813,-0.8496029376983643,-0.3704550100725707,-0.9288504107293766
4751,-0.47239571809768677,-0.8432023525238037,-0.3756285076175115,-0.9267703190462248
4752,-0.44379299879074097,-0.887184202671051,-0.3508193059057174,-0.9364431721166164
4753,-0.43423187732696533,-0.8780173063278198,-0.332517300864023,-0.9430971554543598
4754,-0.44043928384780884,-0.8737796545028687,-0.3313868176594344,-0.943494979892078
4755,-0.44225412607192993,-0.868599534034729,-0.3237049426131148,-0.9461580788260702
4756,-0.4287647306919098,-0.8731064200401306,-0.3089299997490456,-0.9510847781638894
4757,-0.4105737805366516,-0.8861048817634583,-0.252651008301493,-0.967557475297586
4758,-0.38838857412338257,-0.8953326940536499,-0.2088229294268673,-0.9779534672700853
4759,-0.36461812257766724,-0.8954991698265076,-0.1902762534234132,-0.9817305879838668
4760,-0.341494619846344,-0.8960212469100952,-0.1823494514703408,-0.9832337858050167
4761,-0.31928718090057373,-0.9000650644302368,-0.1325440114283359,-0.991177120919609
4762,-0.3088695704936981,-0.9040977358818054,-0.1195461928418894,-0.9928286396841148
4763,-0.30689895153045654,-0.9081017971038818,-0.1243414848101368,-0.9922394847793604
4764,-0.18629242479801178,-0.9378976821899414,-0.1237620364645546,-0.9923119259235708
4765,-0.1465531885623932,-0.9480767250061035,-0.1480313524355894,-0.9889826685519268
4766,-0.19868329167366028,-0.9301931858062744,-0.1598393560328669,-0.9871430394137408
4767,-0.2841964066028595,-0.9343184232711792,-0.1467543555889119,-0.9891729672386338
4768,-0.2731004059314728,-0.9159024953842163,-0.1416877882672122,-0.9899113953561428
4769,-0.28265365958213806,-0.9661539793014526,-0.1539546637406698,-0.988077912673134
4770,-0.3040420413017273,-0.9250404834747314,-0.128213991193309,-0.9917465263172248
4771,-0.33156657218933105,-0.8901032209396362,-0.098144480726181,-0.9951721765116768
4772,-0.3452610969543457,-0.8788833618164062,-0.0918738710692878,-0.9957706522160332
4773,-0.34470847249031067,-0.8816547393798828,-0.0762974112263804,-0.997085104211347
4774,-0.33532509207725525,-0.8921463489532471,-0.0437449365907966,-0.9990427320803986
4775,-0.3171547055244446,-0.9053609371185303,-0.0085390836245778,-0.99996354136081
4776,-0.2914365231990814,-0.9197096824645996,0.0130830919604306,-0.9999144126897836
4777,-0.2532350420951843,-0.9271590709686279,0.0483907113242752,-0.9988284833030796
4778,-0.22006238996982574,-0.939730167388916,0.0447317605454768,-0.9989990338326168
4779,-0.2206679731607437,-0.9458918571472168,0.0417375501132742,-0.999128608793954
4780,-0.2400144338607788,-0.9469782710075378,0.0244492029926027,-0.9997010735580044
4781,-0.14914387464523315,-0.9587835669517517,-0.0311513622884215,-0.9995146785453306
4782,-0.13065293431282043,-0.9601020812988281,-0.0243949410297037,-0.9997023991429436
4783,-0.11471383273601532,-0.9617496728897095,-0.0349863275089055,-0.9993877910438168
4784,-0.09161698073148727,-0.9688588380813599,-0.0393168506876308,-0.9992267937020136
4785,-0.060347411781549454,-0.9736136198043823,-0.058700054759323,-0.9982756651202376
4786,-0.10455027222633362,-0.9799537658691406,-0.0378986698154468,-0.9992815873547456
4787,-0.09611935913562775,-0.9648687839508057,0.0013842186520812,-0.9999990419689028
4788,-0.08767697215080261,-0.9552925229072571,0.0159437569367443,-0.999872890228924
4789,-0.07817992568016052,-0.9594725966453552,0.0300994652640978,-0.9995469084494312
4790,-0.07868155837059021,-0.9637056589126587,0.0199182709379195,-0.9998016115624356
4791,-0.08572618663311005,-0.9621241092681885,0.0350414159404894,-0.9993858610010878
4792,-0.08853045105934143,-0.9611911773681641,0.070234546403718,-0.9975305050430608
4793,-0.08336630463600159,-0.966606855392456,0.1126852381932036,-0.9936307347769296
4794,-0.0695677250623703,-0.9741926789283752,0.1375998558313291,-0.9904878998126112
4795,-0.05387570708990097,-0.9754721522331238,0.1072153843579733,-0.9942358177801542
4796,-0.04338034987449646,-0.9795058965682983,0.1066396668670007,-0.9942977327996354
4797,-0.04095764458179474,-0.9809081554412842,0.1029630508224431,-0.9946851814344752
4798,-0.055056132376194,-0.9829264879226685,0.0848416732454256,-0.9963944452278508
4799,0.022050995379686356,-0.9882254600524902,0.03789737085822,-0.999281636618043
4800,0.027299750596284866,-0.9876917600631714,0.0242785750614112,-0.9997052319523928
4801,0.02446405217051506,-0.9905492663383484,-0.0056510587521274,-0.9999840326400116
4802,0.0215153805911541,-0.9868957996368408,0.0111338336657722,-0.9999380169530024
4803,0.026525724679231644,-0.9802675247192383,0.0203806948958002,-0.9997922920664892
4804,0.03883814439177513,-0.9787231683731079,-0.013934712392944,-0.9999029071817552
4805,-0.025019416585564613,-0.9987801909446716,-0.0016767124772939,-0.9999985943166464
4806,-0.030153313651680946,-0.9775804877281189,0.034950139435193,-0.9993890572512092
4807,-0.03860567882657051,-0.9675094485282898,0.0508589664813775,-0.998705845346089
4808,-0.04576868936419487,-0.9718514084815979,0.0547691010810035,-0.9984990463524632
4809,-0.05034911260008812,-0.9719117283821106,0.0565448302470703,-0.9984000611840576
4810,-0.04990902915596962,-0.9729591012001038,0.0600472474877897,-0.9981955359893872
4811,-0.0447443351149559,-0.9765514135360718,0.0426883769712228,-0.9990884357611004
4812,-0.03774008899927139,-0.9791488647460938,0.0540009414731731,-0.9985408846512048
4813,-0.026267623528838158,-0.9817291498184204,0.0648082439352676,-0.9978977360020548
4814,-0.008104909211397171,-0.9790221452713013,0.0403304173863884,-0.999186397742403
4815,0.0084502212703228,-0.9796121120452881,0.010734906617522,-0.99994237922988
4816,0.01835685595870018,-0.9834870100021362,0.0286690298916886,-0.9995889588851355
4817,0.018475312739610672,-0.9843785762786865,0.0314317702605721,-0.99950589984166
4818,0.005383390933275223,-0.985037088394165,-0.0075937784245881,-0.9999711668489438
4819,-0.017492052167654037,-0.9849362373352051,-0.0459697321710447,-0.9989428330610928
4820,-0.03895745426416397,-0.9847903251647949,-0.0644010459617982,-0.9979240979548628
4821,0.03522700443863869,-0.9806652069091797,-0.0665401158074419,-0.9977837506134946
4822,-0.02564419060945511,-0.9433560967445374,-0.0773935241080438,-0.9970006230821212
4823,-0.056119829416275024,-0.924405574798584,-0.0635685380826529,-0.9979774751796928
4824,-0.10111504793167114,-0.9495351314544678,-0.0730506489881,-0.9973282321695388
4825,-0.08434225618839264,-0.9963264465332031,-0.1035289738126429,-0.9946264382074816
4826,-0.05316432937979698,-0.9922635555267334,-0.1026749786553889,-0.9947149585474804
4827,-0.04226807504892349,-0.9699704647064209,-0.0739361688715779,-0.9972629758156036
4828,-0.038431499153375626,-0.9565204381942749,-0.089631575706487,-0.9959749899652964
4829,-0.0428580567240715,-0.9527900218963623,-0.0502365003561133,-0.998737349873314
4830,-0.054898545145988464,-0.9487596750259399,-0.0929859945968311,-0.9956674167656778
4831,-0.09234051406383514,-0.9471259117126465,-0.06774037295621,-0.9977029827918495
4832,-0.09586982429027557,-0.9548971652984619,-0.0638534516847468,-0.9979592860973556
4833,-0.09430836141109467,-0.963537335395813,-0.0492963005000907,-0.9987841982916054
4834,-0.07897606492042542,-0.9701340198516846,-0.1109268583529909,-0.9938285727910702
4835,-0.06476200371980667,-0.9741846919059753,-0.1496472777426582,-0.988739446094982
4836,-0.05227123573422432,-0.9772276878356934,-0.1481129210803376,-0.9889704558828084
4837,-0.041982151567935944,-0.9785399436950684,-0.1212728962415728,-0.9926192042456063
4838,-0.03724613040685654,-0.9814916849136353,-0.1305441864745667,-0.991442492219137
4839,-0.03576597943902016,-0.9831653833389282,-0.157720915538638,-0.9874837278667704
4840,-0.04200727120041847,-0.9850763082504272,-0.1772789792232816,-0.9841606390856888
4841,-0.05870013311505318,-0.9834921360015869,-0.198471904117532,-0.9801065775087734
4842,-0.08490380644798279,-0.9772699475288391,-0.2267283982173054,-0.9739580244763196
4843,-0.10844975709915161,-0.9769266843795776,-0.2171223431898432,-0.9761443991990898
4844,-0.19010421633720398,-0.9444304704666138,-0.2456927671890007,-0.9693477519193056
4845,-0.22078381478786469,-0.9301126003265381,-0.29023992901587,-0.95695390881947
4846,-0.23133178055286407,-0.9079867601394653,-0.3263202505696895,-0.945259273463178
4847,-0.25719624757766724,-0.8929524421691895,-0.3491443843798819,-0.9370689402898772
4848,-0.28025147318840027,-0.9288902282714844,-0.363179976090959,-0.9317190053694142
4849,-0.2953052818775177,-0.9216769337654114,-0.3491035550896936,-0.9370841519435368
4850,-0.3193426728248596,-0.9164385795593262,-0.3576238716356335,-0.9338657111364246
4851,-0.3058711886405945,-0.9145392179489136,-0.3986308835256941,-0.917111453804566
4852,-0.3083750307559967,-0.9093871116638184,-0.3945998603574691,-0.9188530623586484
4853,-0.2986510992050171,-0.9152786731719971,-0.3765866586015572,-0.9263813947631472
4854,-0.2968266010284424,-0.9207258224487305,-0.3663311542131251,-0.9304845433712908
4855,-0.29357340931892395,-0.9219728112220764,-0.3660394209578038,-0.9305993457470704
4856,-0.29008832573890686,-0.9252291917800903,-0.3624494194062616,-0.9320034433262916
4857,-0.28818249702453613,-0.9287581443786621,-0.3703920394925905,-0.9288755229203316
4858,-0.284005731344223,-0.9310509562492371,-0.3702893074112155,-0.92891648107724
4859,-0.27381542325019836,-0.9357991218566895,-0.3543350179376517,-0.935118545994637
4860,-0.2568874657154083,-0.9416922330856323,-0.34449429920467,-0.9387884095021004
4861,-0.2420872002840042,-0.9478433132171631,-0.333982594956241,-0.9425792413724672
4862,-0.2313588559627533,-0.9525144100189209,-0.3326367387568452,-0.9430550355250802
4863,-0.2394161820411682,-0.9502175450325012,-0.360195635113417,-0.932876789530773
4864,-0.23338231444358826,-0.9519451856613159,-0.3677707091272705,-0.9299165045895382
4865,-0.2613537609577179,-0.9424099922180176,-0.3406401338515474,-0.9401937562064534
4866,-0.34720009565353394,-0.9047499895095825,-0.3238732251402134,-0.9461004883400476
4867,-0.3205857276916504,-0.9065380096435547,-0.3250261121405087,-0.9457050419802284
4868,-0.2895735502243042,-0.9191218614578247,-0.3318401264505753,-0.9433356404150466
4869,-0.2752949595451355,-0.9195664525032043,-0.3280320686614939,-0.9446665877068272
4870,-0.2874135375022888,-0.9176996946334839,-0.3677694736752486,-0.929916993194893
4871,-0.29344770312309265,-0.9589672088623047,-0.3708802297819948,-0.928680706786167
4872,-0.29817360639572144,-0.9373568296432495,-0.3424842627255945,-0.939523565316648
4873,-0.31643950939178467,-0.924842357635498,-0.2891390524198081,-0.9572871086386652
4874,-0.3327215313911438,-0.910545825958252,-0.3167483874198381,-0.9485095988269872
4875,-0.33600255846977234,-0.9039231538772583,-0.3131765968554785,-0.9496949084743064
4876,-0.33160069584846497,-0.909455418586731,-0.2986360245565216,-0.9543670807593252
4877,-0.32323506474494934,-0.9178012609481812,-0.2498101005332246,-0.9682948485206252
4878,-0.3126826882362366,-0.9224004745483398,-0.2472148083590617,-0.9689607001978936
4879,-0.29515010118484497,-0.9242790341377258,-0.2382518998190993,-0.9712033938535172
4880,-0.27279993891716003,-0.929230809211731,-0.2272323654054301,-0.9738405681179302
4881,-0.23976649343967438,-0.9415645599365234,-0.2158512562062582,-0.9764262569155852
4882,-0.22187313437461853,-0.9471793174743652,-0.2305775485056546,-0.9730539523197684
4883,-0.2160179764032364,-0.9538059234619141,-0.2502926091904851,-0.9681702380184072
4884,-0.20938421785831451,-0.9605070352554321,-0.2161760313220653,-0.9763544046512216
4885,-0.2847020626068115,-0.9284402132034302,-0.2163910216181299,-0.9763067785092256
4886,-0.211542546749115,-0.905924379825592,-0.211855101149148,-0.9773010877498728
4887,-0.19254116714000702,-0.9445884227752686,-0.225269639697981,-0.9742964586974244
4888,-0.26472410559654236,-0.9208815097808838,-0.2384364625458331,-0.9711580990387866
4889,-0.2413262277841568,-0.9758957028388977,-0.257061349054932,-0.9663950862985896
4890,-0.22244903445243835,-0.9583649635314941,-0.2673990770527785,-0.9635858724531624
4891,-0.21687105298042297,-0.939919114112854,-0.2608564235555385,-0.9653776081357044
4892,-0.21710263192653656,-0.9380136728286743,-0.2184020206622783,-0.9758588818936034
4893,-0.21773014962673187,-0.93886399269104,-0.214947542044461,-0.9766255956962446
4894,-0.22412332892417908,-0.9445555806159973,-0.2258539209105857,-0.9741611809189048
4895,-0.23076242208480835,-0.9499927163124084,-0.2137576183186999,-0.976886728649088
4896,-0.2328100949525833,-0.9533708095550537,-0.2390687909426719,-0.9710026329507088
4897,-0.22955919802188873,-0.9582738876342773,-0.2252696583637226,-0.974296454381669
4898,-0.2234199196100235,-0.9622403383255005,-0.2156336813991613,-0.9764743291281368
4899,-0.22600005567073822,-0.9617360830307007,-0.2065464435308975,-0.9784367974809296
4900,-0.22769054770469666,-0.9592456221580505,-0.2241833422087001,-0.9745469865923022
4901,-0.23093286156654358,-0.9561389684677124,-0.2463493550983589,-0.9691810951739734
4902,-0.22969816625118256,-0.953174352645874,-0.2453674447360156,-0.969430150688392
4903,-0.22238054871559143,-0.9516457319259644,-0.2136872063597703,-0.9769021331935748
4904,-0.22041262686252594,-0.9522489309310913,-0.2201231707343353,-0.975472085559532
4905,-0.2248835414648056,-0.9504880309104919,-0.2228686326432903,-0.9748484869884704
4906,-0.23141397535800934,-0.9502713084220886,-0.2420342031383769,-0.970267717957869
4907,-0.23830987513065338,-0.9481277465820312,-0.2725582932495734,-0.9621392709898496
4908,-0.24900437891483307,-0.9464375972747803,-0.2908847956239854,-0.9567580862865974
4909,-0.3225773870944977,-0.911126971244812,-0.2736619605279038,-0.9618259361027982
4910,-0.32567504048347473,-0.9067727327346802,-0.2860649455924307,-0.9582102310574646
4911,-0.3212425112724304,-0.9059422016143799,-0.2489067090934303,-0.9685274648497472
4912,-0.32693910598754883,-0.8972669243812561,-0.2784073371051685,-0.9604630938490084
4913,-0.34293290972709656,-0.8897616863250732,-0.2640583245346838,-0.9645067139444576
4914,-0.36173152923583984,-0.8806034326553345,-0.2962966772724388,-0.955095952790772
4915,-0.35005635023117065,-0.9218951463699341,-0.3084976753572001,-0.9512250965461349
4916,-0.3358079195022583,-0.913621723651886,-0.2744466470046819,-0.961602328381066
4917,-0.34179097414016724,-0.9111660718917847,-0.268394520230777,-0.9633090789098228
4918,-0.3520735502243042,-0.9004989862442017,-0.2576866937563558,-0.9662285277618944
4919,-0.34160661697387695,-0.8958135843276978,-0.2828097176689082,-0.9591760336830942
4920,-0.3173578679561615,-0.9079316854476929,-0.2513566962331215,-0.9678945248624824
4921,-0.31306934356689453,-0.9122228622436523,-0.2464299398998315,-0.9691606083209148
4922,-0.28457409143447876,-0.921638548374176,-0.2363341381438532,-0.9716718454024496
4923,-0.29922059178352356,-0.9161596298217773,-0.2372470136603941,-0.9714493576657636
4924,-0.29258647561073303,-0.9160830974578857,-0.2338349436895477,-0.9722763080059628
4925,-0.24633242189884186,-0.9266736507415771,-0.2380320379977974,-0.9712573031316754
4926,-0.23046107590198517,-0.9330634474754333,-0.2410966198924865,-0.9705011179161092
4927,-0.22119899094104767,-0.9378427267074585,-0.2268780304036118,-0.9739231793730848
4928,-0.2207605242729187,-0.9393551349639893,-0.2284369755963557,-0.9735587029965836
4929,-0.22592569887638092,-0.9399080276489258,-0.2533650164162873,-0.967370750258852
4930,-0.2348211109638214,-0.9395948648452759,-0.26284807838271,-0.9648372337811786
4931,-0.3235923647880554,-0.9102020859718323,-0.2867337642702986,-0.9580103070569672
4932,-0.3095770478248596,-0.9386966228485107,-0.2669882030894013,-0.9636997973493056
4933,-0.34518131613731384,-0.8939056992530823,-0.268967941837592,-0.963149129815134
4934,-0.34905579686164856,-0.8900814056396484,-0.2605922842244413,-0.9654489429289816
4935,-0.3501059412956238,-0.8891992568969727,-0.2291833626047765,-0.9733832679398016
4936,-0.3650120496749878,-0.8739505410194397,-0.2537995425619149,-0.9672568387948274
4937,-0.3947772681713104,-0.859511137008667,-0.27853064388925,-0.9604273426004905
4938,-0.3945050835609436,-0.8918079137802124,-0.3015444083488178,-0.9534521329325144
4939,-0.39046064019203186,-0.8819407224655151,-0.2882872202424874,-0.9575439826163912
4940,-0.3931392431259155,-0.883404552936554,-0.2918828984086931,-0.9564540624706136
4941,-0.40037640929222107,-0.8821372389793396,-0.2668730540197532,-0.9637316914152868
4942,-0.4077376127243042,-0.8790006637573242,-0.3007259407981076,-0.9537105999888504
4943,-0.4097588360309601,-0.8826708793640137,-0.2907858530135161,-0.9567881623887295
4944,-0.397452175617218,-0.8908101320266724,-0.2682507185001732,-0.9633491329856174
4945,-0.3792402446269989,-0.8998932838439941,-0.2401578098256841,-0.9707338597060116
4946,-0.36479392647743225,-0.9054259061813354,-0.2455436699604258,-0.9693855301903188
4947,-0.36427345871925354,-0.9056791067123413,-0.2385610690674686,-0.9711274974612688
4948,-0.3657234311103821,-0.9053701758384705,-0.2363514694400299,-0.9716676298475412
4949,-0.3584653437137604,-0.9064943194389343,-0.2518205002749522,-0.9677739589600832
4950,-0.3435439467430115,-0.9121979475021362,-0.2453659313227761,-0.969430533739322
4951,-0.32760217785835266,-0.9174846410751343,-0.211772901605889,-0.9773189029919672
4952,-0.3116913139820099,-0.9228970408439636,-0.210513095186283,-0.977591037579156
4953,-0.296919584274292,-0.9277762770652771,-0.2172817600730051,-0.9761089266775388
4954,-0.2778475880622864,-0.9336380958557129,-0.2214094349908302,-0.97518093813253
4955,-0.2690470218658447,-0.9326416254043579,-0.238265667717177,-0.971200016261989
4956,-0.3421885371208191,-0.9017626643180847,-0.23853070413445,-0.9711349562162426
4957,-0.34226202964782715,-0.8980578184127808,-0.2432578895328514,-0.969961648303696
4958,-0.33583295345306396,-0.8999987840652466,-0.2253451231067044,-0.9742790029001056
4959,-0.33350706100463867,-0.8955286741256714,-0.2329510739807828,-0.9724884560400704
4960,-0.3407021164894104,-0.8927582502365112,-0.2307235896430225,-0.9730193344339249
4961,-0.3560395836830139,-0.8864561319351196,-0.2236965383759991,-0.9746588422204948
4962,-0.3503645658493042,-0.9317179918289185,-0.2210988770485307,-0.975251396598784
4963,-0.34453707933425903,-0.9131859540939331,-0.2183378283546127,-0.9758732462309804
4964,-0.36295533180236816,-0.9006596803665161,-0.2071343004024911,-0.9783125173464616
4965,-0.3612384498119354,-0.8994019031524658,-0.1969697900883252,-0.9804095581911476
4966,-0.36110591888427734,-0.8948942422866821,-0.1803389053820384,-0.983604533949294
4967,-0.36091893911361694,-0.8976054191589355,-0.185537843305564,-0.9826371195418582
4968,-0.3556321859359741,-0.900015115737915,-0.191014301043392,-0.9815872537868982
4969,-0.3514537215232849,-0.9029523134231567,-0.1833260610875753,-0.9830521630748364
4970,-0.3508110046386719,-0.9068818688392639,-0.1768645553151926,-0.984235200078294
4971,-0.34953951835632324,-0.9038398861885071,-0.1805827582033296,-0.9835597935253748
4972,-0.3533962070941925,-0.9014412760734558,-0.1765595135030486,-0.984289966519809
4973,-0.3522191643714905,-0.901026725769043,-0.1889915044723611,-0.9819787223953854
4974,-0.33894965052604675,-0.9038347005844116,-0.1774883177599463,-0.9841229074961848
4975,-0.32491612434387207,-0.9092677235603333,-0.157622268410826,-0.9874994787345588
4976,-0.31697195768356323,-0.9150592088699341,-0.1299895946064493,-0.9915153580727084
4977,-0.3170938491821289,-0.9179934859275818,-0.1076440456917212,-0.994189498751178
4978,-0.310213565826416,-0.9241584539413452,-0.1109361914850859,-0.9938275310227548
4979,-0.20163525640964508,-0.9463481903076172,-0.1283024599459803,-0.9917350849757258
4980,-0.17945855855941772,-0.9527412056922913,-0.1307846982672564,-0.9914107941207532
4981,-0.16000686585903168,-0.9506640434265137,-0.1232151232518416,-0.9923799843820076
4982,-0.1410921961069107,-0.95859694480896,-0.1281243745753175,-0.9917581079273734
4983,-0.12220561504364014,-0.9657739400863647,-0.1329556389417486,-0.9911219895015908
4984,-0.09719927608966827,-0.9719885587692261,-0.1331549181749244,-0.9910952364762072
4985,-0.15514394640922546,-0.962586522102356,-0.165377561675058,-0.986230329129262
4986,-0.14739035069942474,-0.9509545564651489,-0.1829914639679539,-0.983114502036698
4987,-0.14681577682495117,-0.9453462362289429,-0.1993608240858252,-0.9799261512072328
4988,-0.13325488567352295,-0.9496418237686157,-0.2003963266068271,-0.9797149137797636
4989,-0.11907845735549927,-0.9565626382827759,-0.1968479911205742,-0.9804340204173836
4990,-0.11394357681274414,-0.9598866701126099,-0.1635500113007856,-0.9865350443869254
4991,-0.11716869473457336,-0.9598773717880249,-0.1540462589538614,-0.9880636366663434
4992,-0.12464822828769684,-0.9622503519058228,-0.1366440409309934,-0.990620212835398
4993,-0.13026683032512665,-0.9654248952865601,-0.1403509724990415,-0.9901018152284002
4994,-0.130881205201149,-0.9701657295227051,-0.1554305996184945,-0.987846814390893
4995,-0.12843634188175201,-0.9712291955947876,-0.1575815503616055,-0.9875059771898258
4996,-0.12637373805046082,-0.9713509678840637,-0.1701750281427649,-0.9854138520421808
4997,-0.12402591109275818,-0.9686436653137207,-0.1735618741119157,-0.984822966758371
4998,-0.12241187691688538,-0.964104413986206,-0.1797270674945002,-0.9837165146574632
4999,-0.11828407645225525,-0.9573185443878174,-0.1735374340344586,-0.9848272736824136
5000,-0.11107936501502991,-0.956877589225769,-0.184522327694303,-0.9828283220289676
5001,-0.10312129557132721,-0.9622915983200073,-0.1873816662661478,-0.9822871836419949
5002,-0.09449297189712524,-0.9676003456115723,-0.1713242237869198,-0.9852147026632364
5003,-0.09585312008857727,-0.9722883701324463,-0.1581303357832498,-0.9874182482135302
5004,-0.09841975569725037,-0.974479615688324,-0.1633715295444714,-0.986564616907732
5005,-0.11210474371910095,-0.9727030396461487,-0.1770640034278122,-0.9841993388994508
5006,-0.13087034225463867,-0.9719939231872559,-0.1954254697318516,-0.980718555845705
5007,-0.15260817110538483,-0.9673435688018799,-0.1858200805681013,-0.9825837865839556
5008,-0.049980051815509796,-0.9734840393066406,-0.2031798710655301,-0.9791414300262218
5009,-0.025692053139209747,-0.9805564880371094,-0.215142919691777,-0.9765825741362056
5010,-0.010796122252941132,-0.9837732315063477,-0.213989351481797,-0.976835993118804
5011,-0.08342671394348145,-1.0000083446502686,-0.206851013217085,-0.9783724537879556
5012,-0.09013998508453369,-0.9707882404327393,-0.1966060866787457,-0.9804825580707032
5013,-0.09142155945301056,-0.9658868312835693,-0.1933565951273131,-0.9811285477045156
5014,-0.07826989144086838,-0.9629011154174805,-0.2195712949198863,-0.9755964567623256
5015,-0.0901462584733963,-0.9645983576774597,-0.2077476509603328,-0.9781824541058092
5016,-0.10519303381443024,-0.9652907848358154,-0.2037756223656308,-0.9790176176808566
5017,-0.12318240106105804,-0.9663301706314087,-0.1884832302830592,-0.9820764083828016
5018,-0.14149294793605804,-0.9647938013076782,-0.1816041379060601,-0.9833717186778338
5019,-0.16014738380908966,-0.9585613012313843,-0.1907245021319721,-0.9816436034969674
5020,-0.17185263335704803,-0.9521725177764893,-0.199891023667776,-0.9798181355012004
5021,-0.17261932790279388,-0.9488557577133179,-0.1996250684143457,-0.9798723549833251
5022,-0.16549789905548096,-0.9499238729476929,-0.1860428004543803,-0.9825416410509488
5023,-0.15793031454086304,-0.9497712850570679,-0.1782668401900713,-0.9839821815910323
5024,-0.1500599980354309,-0.9529478549957275,-0.1697044558170866,-0.9854950013449212
5025,-0.1385391503572464,-0.9593102335929871,-0.1770008214830384,-0.9842107036576718
5026,-0.12734436988830566,-0.9642205238342285,-0.1559387394941827,-0.9877667282941685
5027,-0.12183834612369537,-0.9655431509017944,-0.1492264856840377,-0.988803042051546
5028,-0.12714488804340363,-0.9686429500579834,-0.1439779782468627,-0.989580891984049
5029,-0.14452895522117615,-0.9679818153381348,-0.1468490634994446,-0.9891589116766508
5030,-0.16891919076442719,-0.9657626152038574,-0.1666474166671803,-0.9860165508337856
5031,-0.18358102440834045,-0.960719108581543,-0.1700399160089289,-0.9854371755539144
5032,-0.08410698175430298,-0.9756542444229126,-0.1736307017976474,-0.9848108343195948
5033,-0.0573592446744442,-0.9807702302932739,-0.1898217763013024,-0.9818185643192016
5034,-0.12328501045703888,-0.9925786256790161,-0.1908798767491405,-0.9816134028487148
5035,-0.1364944726228714,-0.9683719873428345,-0.1866250734880193,-0.9824312097778608
5036,-0.1485263556241989,-0.9657820463180542,-0.1975181354917215,-0.9802992329650544
5037,-0.1520826518535614,-0.9627296328544617,-0.1983776842092583,-0.9801256523567636
5038,-0.1574264019727707,-0.9647504091262817,-0.2243417478058724,-0.9745105336482548
5039,-0.16338586807250977,-0.9652413725852966,-0.2108612355287601,-0.9775160046522434
5040,-0.16895359754562378,-0.9664012789726257,-0.2160158234426882,-0.9763898627199984
5041,-0.17326505482196808,-0.9665929079055786,-0.2082847762297081,-0.9780682246095824
5042,-0.1799359917640686,-0.9655479192733765,-0.2061757984896685,-0.9785149667312952
5043,-0.18968115746974945,-0.9604113101959229,-0.1993915946341526,-0.9799198905978233
5044,-0.20159728825092316,-0.9543612003326416,-0.2043339602708797,-0.9789012374494264
5045,-0.20889383554458618,-0.9490097761154175,-0.2200947414653377,-0.9754785004187976
5046,-0.21343068778514862,-0.9463029503822327,-0.2067789806208942,-0.97838768040761
5047,-0.2189892828464508,-0.944422721862793,-0.2050898817925801,-0.9787431432129196
5048,-0.22574001550674438,-0.9418309330940247,-0.2048874996167855,-0.9787855293682992
5049,-0.22249439358711243,-0.9406946897506714,-0.2114565149195059,-0.9773874064556474
5050,-0.21415433287620544,-0.9458801746368408,-0.2210145948308669,-0.9752705003596428
5051,-0.20283780992031097,-0.952907383441925,-0.2186019406293273,-0.9758141173159424
5052,-0.19216354191303253,-0.9595742225646973,-0.2035191240181378,-0.9790709709509776
5053,-0.19429458677768707,-0.9615486860275269,-0.1705897862000613,-0.9853421359325994
5054,-0.2024650126695633,-0.9635508060455322,-0.1856669679744916,-0.9826127299211826
5055,-0.23851920664310455,-0.9561351537704468,-0.18805469444498,-0.9821585574117884
5056,-0.2629016935825348,-0.950226366519928,-0.2019524793528057,-0.9793953216568142
5057,-0.28799277544021606,-0.9396844506263733,-0.2335324976269531,-0.9723489973009264
5058,-0.3815561532974243,-0.9026875495910645,-0.2374356067662726,-0.9714032801259896
5059,-0.3988862633705139,-0.8827868700027466,-0.232405159965308,-0.972619062953991
5060,-0.4106619358062744,-0.8722113966941833,-0.2338414664188668,-0.972274739249701
5061,-0.3988195061683655,-0.8694276213645935,-0.2321848583188354,-0.9726716771693634
5062,-0.4433574676513672,-0.8519075512886047,-0.2436082936057978,-0.9698737027502454
5063,-0.4409993290901184,-0.8874808549880981,-0.2845889707848176,-0.9586496324036422
5064,-0.4397749602794647,-0.8772271275520325,-0.3068522530011029,-0.9517571616899696
5065,-0.457738995552063,-0.8672537803649902,-0.2974281825444633,-0.9547441941317566
5066,-0.4642922282218933,-0.8634449243545532,-0.292816315719862,-0.95616871170743
5067,-0.45204252004623413,-0.8627197742462158,-0.2802268540963384,-0.9599338051362027
5068,-0.43966078758239746,-0.8708139657974243,-0.2641047180779052,-0.964494011328733
5069,-0.43434619903564453,-0.8758999705314636,-0.259289175949205,-0.9657997324681666
5070,-0.4384060502052307,-0.8763521313667297,-0.2504201289861317,-0.9681372624780896
5071,-0.4450688362121582,-0.8731951713562012,-0.2842103001713104,-0.958761964867471
5072,-0.44571569561958313,-0.8683738708496094,-0.2841126949825582,-0.95879089302608
5073,-0.4417746365070343,-0.8714084625244141,-0.2841928222850143,-0.958767145745868
5074,-0.43504515290260315,-0.8762596845626831,-0.2838422393564815,-0.9588709940117583
5075,-0.4235820174217224,-0.8813707828521729,-0.2692786946943308,-0.9630622952767476
5076,-0.4031728506088257,-0.8898255825042725,-0.2713667430287262,-0.9624760208846668
5077,-0.3832426369190216,-0.8970381617546082,-0.2535214109110539,-0.967329775314328
5078,-0.3475237488746643,-0.9109436273574829,-0.2312311981132416,-0.972898829796354
5079,-0.3383370041847229,-0.9189420938491821,-0.2246365943322852,-0.974442610155566
5080,-0.33817246556282043,-0.9201809763908386,-0.2029043261100137,-0.9791985674243204
5081,-0.34215083718299866,-0.9201641082763672,-0.1864995016091139,-0.982455055409433
5082,-0.3467639088630676,-0.9185622334480286,-0.1823309132949277,-0.9832372236937724
5083,-0.3032960891723633,-0.9347934126853943,-0.1811719156906457,-0.9834514410813489
5084,-0.1471729427576065,-0.9654392600059509,-0.1577992740785157,-0.9874712092513348
5085,-0.11810187995433807,-0.9756155014038086,-0.1493804286323153,-0.9887797972964586
5086,-0.09545464813709259,-0.9753824472427368,-0.1488868452367566,-0.988854239671068
5087,-0.07329753041267395,-0.9805954098701477,-0.1363010164472356,-0.9906674683845484
5088,-0.053057119250297546,-0.9815546870231628,-0.143815742882308,-0.9896044826592136
5089,-0.10219931602478027,-0.9799462556838989,-0.1485745916262452,-0.9889012037221384
5090,-0.10053640604019165,-0.9634502530097961,-0.1539123250948091,-0.9880845086245962
5091,-0.10969148576259613,-0.9562177658081055,-0.1536768227369841,-0.9881211637008216
5092,-0.026463817805051804,-0.9883600473403931,-0.1347124707166146,-0.990884731052722
5093,0.0014473611954599619,-0.9836266040802002,-0.1243432173917964,-0.9922392676611104
5094,-0.04381483048200607,-0.9857545495033264,-0.1173165163669624,-0.9930945750468684
5095,-0.03617393597960472,-0.9710891246795654,-0.1204020609369524,-0.9927252105805184
5096,-0.026620401069521904,-0.9616722464561462,-0.1177165548762136,-0.9930472358896506
5097,-0.011363107711076736,-0.9541788101196289,-0.1112501384139758,-0.9937924364286896
5098,0.004101917147636414,-0.9528228044509888,-0.0922738362366139,-0.9957336687820588
5099,0.01539115235209465,-0.9503949880599976,-0.0878004998732366,-0.9961380788936892
5100,0.017293769866228104,-0.9525399208068848,-0.0886999879593405,-0.9960583879150924
5101,0.018892746418714523,-0.9556904435157776,-0.1126337610741345,-0.9936365713208702
5102,0.0038306566420942545,-0.9631812572479248,-0.1181512317213631,-0.992995612499232
5103,-0.007883831858634949,-0.9745045304298401,-0.1182793995050244,-0.99298035411217
5104,-0.011896654963493347,-0.9832075238227844,-0.1016228754610487,-0.9948229949006144
5105,-0.006772901862859726,-0.9851492643356323,-0.0976750079110304,-0.9952183643952618
5106,0.00857546180486679,-0.9851420521736145,-0.0566344935423904,-0.9983949790244324
5107,0.02302515134215355,-0.9838404059410095,-0.0331357237212608,-0.9994508611299848
5108,0.0038174057845026255,-0.9835085272789001,-0.0172463890085299,-0.9998512699727728
5109,0.07820306718349457,-0.9733283519744873,-0.0232770926595943,-0.9997290517721872
5110,0.08491955697536469,-0.974137008190155,-0.0264362295323553,-0.9996505018095636
5111,0.0872761458158493,-0.9808298349380493,-0.0299678740366271,-0.9995508624005708
5112,0.09083501994609833,-0.9755435585975647,-0.0118857037379021,-0.9999293625285012
5113,0.10456348955631256,-0.9705446362495422,-0.0141618030671255,-0.9998997166385676
5114,0.12090180814266205,-0.9700579643249512,0.0015543317458987,-0.9999987920256822
5115,0.13581211864948273,-0.9700068235397339,0.0098967499924384,-0.9999510259705658
5116,0.07379324734210968,-0.9970539212226868,0.0104307727277314,-0.999945598010363
5117,0.07406266033649445,-0.9695626497268677,0.0069801081182718,-0.9999756387485932
5118,0.07840679585933685,-0.9580729007720947,0.015079078196236,-0.9998863042370126
5119,0.08328133821487427,-0.96156245470047,0.020842924056871,-0.9997827626623492
5120,0.07511347532272339,-0.9659836292266846,0.0415769875753362,-0.9991353032018038
5121,0.06145119294524193,-0.9688699245452881,0.0315691348742078,-0.9995015706457364
5122,0.04808584973216057,-0.975104808807373,0.0520586550488516,-0.9986440288884246
5123,0.03547250106930733,-0.9792157411575317,0.0716162584137171,-0.9974322591187932
5124,0.026268836110830307,-0.9833381175994873,0.0799639294825223,-0.996797757813346
5125,0.024592969566583633,-0.9836940765380859,0.0742687979269142,-0.9972382592211808
5126,0.027200166136026382,-0.9861262440681458,0.0674131983820178,-0.997725142854437
5127,0.03984859958291054,-0.9865893125534058,0.0942203526592903,-0.995551367406403
5128,0.050009649246931076,-0.9860038161277771,0.0827212894329038,-0.996572721016664
5129,0.053777169436216354,-0.9847906231880188,0.0827020380699465,-0.9965743188037092
5130,0.05431054159998894,-0.982471764087677,0.0999408916658034,-0.9949933759443046
5131,0.05218975618481636,-0.9798339009284973,0.1119739064796016,-0.9937111472997056
5132,0.11010095477104187,-0.971432089805603,0.1204755430589943,-0.9927162955873348
5133,0.09544336795806885,-0.9672549962997437,0.1387535382644324,-0.99032694380144
5134,0.08973763883113861,-0.9721564054489136,0.1336675521355143,-0.991026228465271
5135,0.09311388432979584,-0.9658288955688477,0.1293275382407643,-0.9916019301375848
5136,0.10912074148654938,-0.962761640548706,0.1205190918419893,-0.9927110095599736
5137,0.13324861228466034,-0.9639064073562622,0.1147543383735768,-0.9933939006378298
5138,0.16034895181655884,-0.9631839990615845,0.1095352596656801,-0.9939829107635464
5139,0.18357177078723907,-0.9596392512321472,0.1028075892545092,-0.9947012614808912
5140,0.19177529215812683,-0.9581148624420166,0.0945243705267819,-0.9955225478996022
5141,0.18384681642055511,-0.9589941501617432,0.1093058614349878,-0.994008163274304
5142,0.17581163346767426,-0.9608392119407654,0.1152333234976413,-0.9933384524700974
5143,0.17099182307720184,-0.9624730944633484,0.1139129492724508,-0.9934907347268278
5144,0.10805526375770569,-0.9882026314735413,0.1234316093145146,-0.9923530812276592
5145,0.11289829015731812,-0.9615581035614014,0.1195400307147235,-0.9928293816445618
5146,0.20713604986667633,-0.9516435861587524,0.1174097895919147,-0.9930835520277144
5147,0.18620993196964264,-0.9698230028152466,0.1002095057269386,-0.9949663587086564
5148,0.2081136256456375,-0.9639343619346619,0.0953417797663188,-0.9954445966657264
5149,0.21508021652698517,-0.9473540186882019,0.0924643585665489,-0.9957159948473644
5150,0.21229474246501923,-0.9523074626922607,0.0893018479995511,-0.9960046083948936
5151,0.19493338465690613,-0.9513401985168457,0.0918540049969122,-0.9957724849412276
5152,0.16200032830238342,-0.9567346572875977,0.0974680166939481,-0.9952386576704848
5153,0.1275600641965866,-0.9661747217178345,0.0909329614267367,-0.995857016105306
5154,0.1024017184972763,-0.9723613262176514,0.0760847659055081,-0.9971013531216896
5155,0.09004886448383331,-0.9762907028198242,0.0717605557276183,-0.9974218879900638
5156,0.0915335863828659,-0.9736594557762146,0.0570820758043842,-0.9983694890279162
5157,0.04480242356657982,-0.9826743006706238,0.0351007918926094,-0.999383777339072
5158,0.03718355670571327,-0.9831061363220215,0.0155740389360448,-0.9998787173008628
5159,0.03426029905676842,-0.9856507778167725,-0.0406300417668337,-0.9991742589288544
5160,0.03471748158335686,-0.9843864440917969,-0.115474619531926,-0.9933104309549744
5161,0.05003296211361885,-0.9816315770149231,-0.1576263749996271,-0.987498823242072
5162,0.07130146026611328,-0.9776578545570374,-0.203816129631822,-0.9790091855043568
5163,0.06385853886604309,-0.9783738255500793,-0.2426833523431139,-0.970105556367712
5164,0.05779541656374931,-0.9785761833190918,-0.2488250792259325,-0.9685484396498756
5165,0.052981842309236526,-0.9789538383483887,-0.2636951723353112,-0.964606062642699
5166,0.047108668833971024,-0.9787738919258118,-0.3005038134490114,-0.953780613192888
5167,0.03757065162062645,-0.9774774312973022,-0.3251515274625595,-0.945661929120954
5168,0.022666428238153458,-0.9745579361915588,-0.3520777537226714,-0.935970755597416
5169,0.003094714367762208,-0.968050479888916,-0.3801830897287392,-0.9249112488689438
5170,-0.014946814626455307,-0.9639831781387329,-0.4280254737160542,-0.9037666700261452
5171,-0.025492854416370392,-0.9631166458129883,-0.4620463336591284,-0.8868557862201483
5172,-0.13244643807411194,-0.9359428882598877,-0.5093070449846785,-0.8605848789799729
5173,-0.22963421046733856,-0.9060820937156677,-0.5376857786225822,-0.8431453038871933
5174,-0.32389113306999207,-0.8596364855766296,-0.54509596118351,-0.8383736595942322
5175,-0.43353015184402466,-0.8003551363945007,-0.5636603363179006,-0.8260066738604424
5176,-0.5360744595527649,-0.7461159229278564,-0.5959633540440981,-0.8030116316944039
5177,-0.6154186725616455,-0.696682870388031,-0.5970763537617946,-0.8021844100819464
5178,-0.6723166108131409,-0.6540893316268921,-0.6059263680157828,-0.79552073294365
5179,-0.712732195854187,-0.6215195655822754,-0.6033841539976873,-0.7974506647464125
5180,-0.7390048503875732,-0.601942241191864,-0.587860554037654,-0.8089622790999235
5181,-0.7567520141601562,-0.587968647480011,-0.5910741001270957,-0.8066172624974897
5182,-0.7279713153839111,-0.6306499242782593,-0.5887826540074327,-0.8082913993974968
5183,-0.7006357908248901,-0.638580322265625,-0.5850755013884541,-0.8109788268968857
5184,-0.6649491190910339,-0.6659455299377441,-0.5886564518559365,-0.8083833135885349
5185,-0.62995445728302,-0.7021369934082031,-0.5871939882303061,-0.8094462429254874
5186,-0.5875593423843384,-0.7332922220230103,-0.5830515136478263,-0.8124351866044323
5187,-0.5478203296661377,-0.7626603841781616,-0.5783567329996999,-0.8157839722585347
5188,-0.5115706920623779,-0.791780948638916,-0.5783305017426172,-0.8158025684895412
5189,-0.489109069108963,-0.8107932806015015,-0.5769078770992838,-0.816809219671765
5190,-0.47568008303642273,-0.8229641914367676,-0.5749665930176296,-0.8181768860788597
5191,-0.4765247702598572,-0.8207502365112305,-0.576140372187653,-0.8173507640759092
5192,-0.4894653558731079,-0.8138189315795898,-0.5729414011185854,-0.81959633410861
5193,-0.5016253590583801,-0.8140786290168762,-0.5756932668581308,-0.8176657400761103
5194,-0.5135923624038696,-0.8105913400650024,-0.5743810940399245,-0.8185880275263616
5195,-0.5217242240905762,-0.8089323043823242,-0.5748040841794317,-0.8182910636262898
5196,-0.5243543982505798,-0.8101710081100464,-0.574349069562057,-0.8186104973021049
5197,-0.5222580432891846,-0.8142772316932678,-0.5746757352332197,-0.8183812066110502
5198,-0.5163391828536987,-0.8205355405807495,-0.5758831335557897,-0.817532027804394
5199,-0.5081021189689636,-0.8276216387748718,-0.57394334242293,-0.8188950113954752
5200,-0.49811649322509766,-0.8352413177490234,-0.5719609085954668,-0.820280878137878
5201,-0.48701781034469604,-0.8430141806602478,-0.5725398964698709,-0.8198768608457428
5202,-0.4756985306739807,-0.8504672050476074,-0.5708895420395247,-0.8210268758024318
5203,-0.4644472002983093,-0.85744309425354,-0.5712734858768513,-0.8207597726095687
5204,-0.45494458079338074,-0.8630414009094238,-0.5698823703823279,-0.8217262828505726
5205,-0.445925772190094,-0.868035078048706,-0.5762096369676645,-0.8173019358019362
5206,-0.4338494539260864,-0.8750537633895874,-0.5762951130914996,-0.8172416672116368
5207,-0.4166754484176636,-0.8856582641601562,-0.5814515476016529,-0.8135810333283605
5208,-0.40648436546325684,-0.8911686539649963,-0.5830953931147274,-0.812403694309905
5209,-0.40217873454093933,-0.8927573561668396,-0.583695549127332,-0.8119726017107611
5210,-0.40011948347091675,-0.8929258584976196,-0.5868019246131834,-0.8097305115100109
5211,-0.3995668888092041,-0.8923041820526123,-0.5865340261244649,-0.8099245867352253
5212,-0.4004749357700348,-0.8909319639205933,-0.5857172377506888,-0.8105154640114542
5213,-0.4041866660118103,-0.8878160715103149,-0.5860411204036036,-0.8102813123823658
5214,-0.39672669768333435,-0.8905420899391174,-0.5855554638778547,-0.8106323449769263
5215,-0.35969287157058716,-0.9080432057380676,-0.5842880765881897,-0.8115463286571345
5216,-0.359094500541687,-0.9074932932853699,-0.5842368091896941,-0.8115832371284198
5217,-0.36113226413726807,-0.906032383441925,-0.5848503148630034,-0.8111412387523185
5218,-0.36073410511016846,-0.9056271314620972,-0.5841766824449945,-0.811626517363473
5219,-0.3601621687412262,-0.9052755236625671,-0.5839119087997353,-0.8118170254200447
5220,-0.3606535792350769,-0.9042246341705322,-0.5889417624263527,-0.8081754762860239
5221,-0.3621132969856262,-0.9033942222595215,-0.5890015597262048,-0.8081318968089912
5222,-0.3641722798347473,-0.9019337892532349,-0.589971374620158,-0.807424161843576
5223,-0.36659127473831177,-0.9003512859344482,-0.5892502885637602,-0.8079505538258671
5224,-0.37052255868911743,-0.8980627059936523,-0.5903421428600586,-0.8071531170499152
5225,-0.377374529838562,-0.8941065073013306,-0.5888988605955683,-0.8082067383963347
5226,-0.39317288994789124,-0.8848975300788879,-0.5893576818402254,-0.8078722193861574
5227,-0.4174872040748596,-0.870070219039917,-0.5895819261293415,-0.8077085813470201
5228,-0.4422346353530884,-0.8554009199142456,-0.5867420564538723,-0.8097738938668503
5229,-0.45763981342315674,-0.8467152118682861,-0.5903722072722949,-0.8071311274386823
5230,-0.45539921522140503,-0.8491904735565186,-0.5898063037130475,-0.8075447505249181
5231,-0.41621899604797363,-0.8704802393913269,-0.5891988934873199,-0.8079880345112284
5232,-0.41793012619018555,-0.8694866895675659,-0.5888079137180598,-0.8082729988951665
5233,-0.42357581853866577,-0.8671573996543884,-0.5901375929944329,-0.807302682600979
5234,-0.4329460859298706,-0.8631729483604431,-0.5883944709187336,-0.8085740204781894
5235,-0.4439305067062378,-0.8574162125587463,-0.5855914365336261,-0.8106063591278347
5236,-0.45318475365638733,-0.8529520034790039,-0.5850746446680893,-0.8109794449716399
5237,-0.45381927490234375,-0.8530644178390503,-0.5861492036626365,-0.8102031294963363
5238,-0.4481242597103119,-0.8562785387039185,-0.5840059359101385,-0.81174938670856
5239,-0.4360898733139038,-0.8626708984375,-0.5886295819840481,-0.8084028792707784
5240,-0.4236093759536743,-0.8689005374908447,-0.587077778897992,-0.8095305315577668
5241,-0.42421954870224,-0.869067370891571,-0.5846857430406908,-0.8112598732126194
5242,-0.4599218964576721,-0.8521834015846252,-0.5849894627187281,-0.8110408920073352
5243,-0.49494364857673645,-0.8330042362213135,-0.5815680511576743,-0.813497757755155
5244,-0.4950881600379944,-0.8309794664382935,-0.5833466922613522,-0.8122232677212217
5245,-0.5196288228034973,-0.8143954277038574,-0.5820281831034773,-0.8131686135564168
5246,-0.4329221248626709,-0.8766160011291504,-0.5832628538992433,-0.8122834746942166
5247,-0.42750561237335205,-0.8793907761573792,-0.5851491775295339,-0.8109256686259907
5248,-0.4205901026725769,-0.8832324743270874,-0.5860384401440479,-0.81028325089041
5249,-0.41581952571868896,-0.885219931602478,-0.586246453176627,-0.8101327645132154
5250,-0.4122374355792999,-0.8872178792953491,-0.5866649204702371,-0.8098297790830185
5251,-0.40975451469421387,-0.8882609009742737,-0.5869390122166132,-0.8096311480780531
5252,-0.4078579545021057,-0.8890877962112427,-0.5913210919684689,-0.806436213344377
5253,-0.40782320499420166,-0.889543890953064,-0.5916769474333361,-0.8061751607907361
5254,-0.40868228673934937,-0.8889358043670654,-0.5902934593757525,-0.8071887213150385
5255,-0.411364883184433,-0.8876924514770508,-0.590185502159247,-0.8072676588598341
5256,-0.4111654758453369,-0.8876355886459351,-0.5912624579234451,-0.8064792036068421
5257,-0.41462406516075134,-0.8862240314483643,-0.5917158546283992,-0.8061466041492598
5258,-0.4138529896736145,-0.8863232731819153,-0.5924663053512291,-0.8055952315049191
5259,-0.4123012125492096,-0.8865647912025452,-0.5897900729991472,-0.807556604698185
5260,-0.4121037721633911,-0.8864564299583435,-0.5909767040609498,-0.8066886234832227
5261,-0.4120256304740906,-0.8861877918243408,-0.5921075592817301,-0.8058589443825963
5262,-0.41267693042755127,-0.8856981992721558,-0.586418569194578,-0.8100081861955372
5263,-0.417786180973053,-0.8828985691070557,-0.5868372696744983,-0.8097048961942741
5264,-0.4215793013572693,-0.8809553384780884,-0.587137049083927,-0.8094875450511998
5265,-0.4111342430114746,-0.8853143453598022,-0.5891598054696575,-0.8080165367236956
5266,-0.3845086693763733,-0.8944858312606812,-0.5887373590140156,-0.8083243916282634
5267,-0.3731447160243988,-0.8983890414237976,-0.5918904145800431,-0.8060184471389378
5268,-0.37849411368370056,-0.896256685256958,-0.5908505203682579,-0.8067810499637177
5269,-0.36945435404777527,-0.8988087177276611,-0.5909703904603595,-0.8066932487625827
5270,-0.3472829759120941,-0.9050754308700562,-0.5956099528484122,-0.8032737914733133
5271,-0.34249886870384216,-0.9063656330108643,-0.5937745641877231,-0.8046314478838617
5272,-0.35683345794677734,-0.902217447757721,-0.5940851104891463,-0.8044021888925333
5273,-0.38036513328552246,-0.8950791954994202,-0.5978542587667505,-0.8016048186447355
5274,-0.4087389409542084,-0.8855055570602417,-0.5898254155467534,-0.8075307914718174
5275,-0.4215812087059021,-0.880875825881958,-0.5895353907204851,-0.8077425475286324
5276,-0.4251369833946228,-0.8790611624717712,-0.5905222902736964,-0.8070213285223062
5277,-0.42265796661376953,-0.8795653581619263,-0.5901065239725669,-0.8073253931129718
5278,-0.4155406057834625,-0.8816872239112854,-0.58941279406763,-0.8078320111195084
5279,-0.40111881494522095,-0.8862988948822021,-0.5896330721948304,-0.8076712451078631
5280,-0.3788875937461853,-0.8929912447929382,-0.5848452421306836,-0.8111448962775406
5281,-0.37149161100387573,-0.8939687013626099,-0.5848399041332107,-0.8111487450113307
5282,-0.3722122311592102,-0.8937652111053467,-0.5847747907389612,-0.8111956879299865
5283,-0.3704303801059723,-0.8943268060684204,-0.5896241325821614,-0.807677771315228
5284,-0.36749687790870667,-0.8952687978744507,-0.5907598147901595,-0.8068474708574703
5285,-0.3657187223434448,-0.8959819078445435,-0.5885934230304837,-0.808429206774012
5286,-0.3648870587348938,-0.896216869354248,-0.583521146358997,-0.8120979446790159
5287,-0.36500316858291626,-0.8961930274963379,-0.5832420236060232,-0.8122984315508378
5288,-0.36572957038879395,-0.8958181142807007,-0.5834380768995351,-0.8121576265872114
5289,-0.366530179977417,-0.8955010175704956,-0.5892407192651329,-0.8079575327700762
5290,-0.36764541268348694,-0.8952611088752747,-0.587574401997222,-0.8091701441091403
5291,-0.36928069591522217,-0.8947756886482239,-0.5905542233976309,-0.8069979611047485
5292,-0.37064191699028015,-0.8943933248519897,-0.585786453507043,-0.8104654408965511
5293,-0.3714081048965454,-0.8940886855125427,-0.5849030998904873,-0.8111031769993868
5294,-0.3717721402645111,-0.8938857316970825,-0.5869880733197508,-0.8095955791507059
5295,-0.3728659152984619,-0.8934887647628784,-0.5867759291319183,-0.8097493494849959
5296,-0.37386998534202576,-0.8931280374526978,-0.5868165350187243,-0.8097199233244903
5297,-0.374488890171051,-0.8930869102478027,-0.5848921534710311,-0.811111070574197
5298,-0.37521445751190186,-0.8931516408920288,-0.5843919821431607,-0.8114715097936512
5299,-0.37612396478652954,-0.8927735090255737,-0.58335457992824,-0.8122176026636868
5300,-0.37653765082359314,-0.8925487399101257,-0.5800440028993072,-0.8145851426956844
5301,-0.3771358132362366,-0.8922104239463806,-0.5803344883626019,-0.8143782177937454
5302,-0.3777984082698822,-0.8920537233352661,-0.582273024104762,-0.8129933120265475
5303,-0.3784556984901428,-0.8919528722763062,-0.580107502399913,-0.8145399226921507
5304,-0.3792145848274231,-0.891715407371521,-0.5802407367323729,-0.8144450180560215
5305,-0.38019293546676636,-0.8915247917175293,-0.5806439960630677,-0.8141575706433689
5306,-0.38048407435417175,-0.8915450572967529,-0.5799248509735747,-0.8146699744211009
5307,-0.38128507137298584,-0.8909333944320679,-0.5833145817463105,-0.8122463288449674
5308,-0.381539911031723,-0.8912683725357056,-0.583133186522829,-0.8123765671015699
5309,-0.3815276026725769,-0.8913987874984741,-0.5838391717801675,-0.8118693376985289
5310,-0.3819114565849304,-0.8911997079849243,-0.5848921436152642,-0.8111110776811898
5311,-0.3818542957305908,-0.8913146257400513,-0.5850577076499134,-0.8109916637792453
5312,-0.3815549910068512,-0.8914262056350708,-0.5853410930670674,-0.810787151333228
5313,-0.381258487701416,-0.8913965225219727,-0.5933109944059064,-0.8049733311837569
5314,-0.38088956475257874,-0.8916464447975159,-0.5889244202587481,-0.8081881137599695
5315,-0.3805302381515503,-0.8918297290802002,-0.5929728466187173,-0.80522245570581
5316,-0.38017478585243225,-0.8920242190361023,-0.5899894600182477,-0.807410946834
5317,-0.3800925612449646,-0.8916683793067932,-0.590095612920602,-0.8073333683255383
5318,-0.37993523478507996,-0.8916875720024109,-0.588875780252816,-0.8082235553555942
5319,-0.3800913989543915,-0.8916707038879395,-0.5898171279614106,-0.8075368447094863
5320,-0.3801153898239136,-0.8915881514549255,-0.5879915605942484,-0.8088670624212241
5321,-0.3802453279495239,-0.8916482329368591,-0.5905720478074494,-0.8069849170514376
5322,-0.38006120920181274,-0.8920890092849731,-0.5873024264661485,-0.8093675678373666
5323,-0.37986084818840027,-0.8916876316070557,-0.5878794667556705,-0.8089485351782698
5324,-0.37954452633857727,-0.8921247720718384,-0.5891097064662518,-0.8080530636952296
5325,-0.3794243335723877,-0.8917930722236633,-0.5877869551908795,-0.809015757144096
5326,-0.37933698296546936,-0.8917455673217773,-0.5866181791311507,-0.8098636378507515
5327,-0.37933677434921265,-0.8919386863708496,-0.5834530968905034,-0.8121468363103318
5328,-0.37992721796035767,-0.8915364742279053,-0.5876984988058739,-0.8090800173662196
5329,-0.3803400993347168,-0.8918930292129517,-0.5826347868022056,-0.8127340925591521
5330,-0.3805261254310608,-0.8913260698318481,-0.5872302278953889,-0.8094199524634476
5331,-0.38107746839523315,-0.8914554119110107,-0.5880088857380465,-0.808854467931717
5332,-0.38126564025878906,-0.8913214206695557,-0.5869842695334746,-0.8095983370290809
5333,-0.380352646112442,-0.8912824988365173,-0.5850087415874944,-0.8110269861516424
5334,-0.3777005076408386,-0.8919497728347778,-0.5675801282703712,-0.8233181632835443
5335,-0.3709791600704193,-0.8933178186416626,-0.5245206325226641,-0.8513977367000832
5336,-0.3625034689903259,-0.8957122564315796,-0.4801206220641633,-0.8772024784898416
5337,-0.35121941566467285,-0.8997331857681274,-0.4315751548291111,-0.9020769843723032
5338,-0.33488398790359497,-0.9076663255691528,-0.4132057407691342,-0.9106376973283232
5339,-0.3137657046318054,-0.9182263612747192,-0.386356704094464,-0.9223494441919844
5340,-0.2928546369075775,-0.9253175854682922,-0.3702010589978741,-0.928951654240872
5341,-0.2722145617008209,-0.9324430227279663,-0.3584755989004533,-0.9335390966601032
5342,-0.25508302450180054,-0.938757598400116,-0.3438497130112155,-0.9390246934251008
5343,-0.24434562027454376,-0.9436275362968445,-0.2992502110676216,-0.9541746754006752
5344,-0.23809637129306793,-0.9464268684387207,-0.2875037065921889,-0.9577795250973746
5345,-0.2324112504720688,-0.9461890459060669,-0.2900111749030093,-0.9570232590858888
5346,-0.22802670300006866,-0.9448009729385376,-0.2848189041098222,-0.9585813433724234
5347,-0.22519972920417786,-0.9419587850570679,-0.2796677987810472,-0.9600968296609274
5348,-0.22005344927310944,-0.9413472414016724,-0.279570316079806,-0.960125220149454
5349,-0.21957619488239288,-0.9400390386581421,-0.2635214294841178,-0.9646535420567568
5350,-0.21750478446483612,-0.9405280351638794,-0.2375489981500203,-0.9713755573813464
5351,-0.21787585318088531,-0.9428418874740601,-0.2281177207751634,-0.973633558105073
5352,-0.22067205607891083,-0.9443162679672241,-0.2403722343760048,-0.970680786325292
5353,-0.2237265557050705,-0.9466745853424072,-0.2445979087130418,-0.969624599034702
5354,-0.2277444452047348,-0.9492329955101013,-0.2436230162821013,-0.9698700046591868
5355,-0.22774635255336761,-0.9504129886627197,-0.2474925286066669,-0.9688898019299604
5356,-0.22841466963291168,-0.9487539529800415,-0.2395089689625769,-0.9708941516903288
5357,-0.22833392024040222,-0.947265625,-0.2365741354756255,-0.971613440841552
5358,-0.2299344688653946,-0.9456039667129517,-0.2262670255877515,-0.974065312559518
5359,-0.22893749177455902,-0.9449178576469421,-0.2079663872234697,-0.978135973055494
5360,-0.2277338057756424,-0.9435945749282837,-0.2005578994035834,-0.9796818509020272
5361,-0.22443711757659912,-0.9426336288452148,-0.197523393998848,-0.9802981734264202
5362,-0.21966341137886047,-0.944800853729248,-0.1877024321972402,-0.9822259398668112
5363,-0.21605579555034637,-0.9454147815704346,-0.1851292907640071,-0.9827141729420696
5364,-0.21705323457717896,-0.9454329013824463,-0.1721938609975918,-0.9850630813479622
5365,-0.2213120311498642,-0.9434444904327393,-0.1645129982054493,-0.9863749152434148
5366,-0.22678788006305695,-0.9428919553756714,-0.1427280008383132,-0.9897619500550112
5367,-0.23262228071689606,-0.9421403408050537,-0.1510885521995811,-0.9885202321623136
5368,-0.23833531141281128,-0.9396028518676758,-0.1440605398304654,-0.9895688762606446
5369,-0.24552831053733826,-0.9371981620788574,-0.1329668511673952,-0.9911204853551498
5370,-0.2517031133174896,-0.9338535666465759,-0.1442851107708603,-0.9895361574039832
5371,-0.25685209035873413,-0.9305561780929565,-0.1338596855717811,-0.9910002949437624
5372,-0.2597864270210266,-0.9268108010292053,-0.1152054262107076,-0.9933416883286482
5373,-0.26016736030578613,-0.9265592098236084,-0.1108048563036288,-0.993842182551904
5374,-0.25535839796066284,-0.9283987879753113,-0.1141396038849646,-0.9934647204732452
5375,-0.24511611461639404,-0.9325823783874512,-0.1373780150482358,-0.9905186928985272
5376,-0.23239034414291382,-0.9357591867446899,-0.1622245549429192,-0.9867538668652744
5377,-0.2229715883731842,-0.9391040802001953,-0.1611418426787805,-0.9869312572505174
5378,-0.2205377072095871,-0.942055344581604,-0.1430289618192986,-0.9897185034548428
5379,-0.2259700745344162,-0.9430158734321594,-0.1411299609812626,-0.9899910777948594
5380,-0.23591120541095734,-0.9436560869216919,-0.148189921231988,-0.9889589209088804
5381,-0.2498394399881363,-0.9404531717300415,-0.1685207708556581,-0.985698102762816
5382,-0.16616368293762207,-0.9541141986846924,-0.1790713877569319,-0.9838360829359768
5383,-0.15625061094760895,-0.9590773582458496,-0.1923846005955349,-0.9813196041319548
5384,-0.14314468204975128,-0.9517896175384521,-0.207453855779432,-0.9782448045976256
5385,-0.13164423406124115,-0.9595110416412354,-0.2099094834675852,-0.9777208235229378
5386,-0.12695609033107758,-0.9619444608688354,-0.2010465076357913,-0.9795816973420092
5387,-0.18943683803081512,-0.9575687646865845,-0.2190652535291124,-0.9757102104089236
5388,-0.1997040957212448,-0.9443541169166565,-0.2315175745840118,-0.9728307214817676
5389,-0.21303077042102814,-0.9418041706085205,-0.2287005939103528,-0.9734968096224312
5390,-0.2188994139432907,-0.9396288394927979,-0.2371876374210985,-0.9714638565868507
5391,-0.21723560988903046,-0.9440274238586426,-0.2341365493585539,-0.9722037215802404
5392,-0.2112826555967331,-0.9550473690032959,-0.2342117460221623,-0.9721856088346762
5393,-0.20615926384925842,-0.9633783102035522,-0.2350242447836474,-0.9719895083610092
5394,-0.20401431620121002,-0.9664509296417236,-0.2352463803581309,-0.9719357697545644
5395,-0.20145635306835175,-0.9668568968772888,-0.2514178498243946,-0.9678786415608508
5396,-0.19987545907497406,-0.967315137386322,-0.2747360978449312,-0.961519670386904
5397,-0.19754181802272797,-0.9658209085464478,-0.2819267906329833,-0.9594359200714688
5398,-0.1924811452627182,-0.9652760028839111,-0.2756788334345829,-0.9612498014544124
5399,-0.18869087100028992,-0.9651200771331787,-0.2892177355281509,-0.9572633396594528
5400,-0.18726509809494019,-0.9635565280914307,-0.3023180983882976,-0.953207095749336
5401,-0.18911869823932648,-0.9600813984870911,-0.2989890315782148,-0.9542565477878164
5402,-0.19268523156642914,-0.9564110040664673,-0.3012287844634317,-0.9535518965482076
5403,-0.1956857293844223,-0.9519264698028564,-0.3144309081353539,-0.9492803611205578
5404,-0.1970953792333603,-0.9498816132545471,-0.3214741656934596,-0.9469183495907628
5405,-0.19613957405090332,-0.9504954814910889,-0.3030979496746044,-0.9529594077939788
5406,-0.19542475044727325,-0.9529906511306763,-0.298749128358353,-0.9543316814950265
5407,-0.19413961470127106,-0.9545189142227173,-0.3029967585231721,-0.9529915867018188
5408,-0.19384294748306274,-0.9547078609466553,-0.296196819886545,-0.9551269255387462
5409,-0.1917600780725479,-0.9579903483390808,-0.2912277421459327,-0.956653752516856
5410,-0.19003130495548248,-0.959180474281311,-0.2993668502394787,-0.9541380869547624
5411,-0.19433026015758514,-0.9593525528907776,-0.3472722682027107,-0.937764347657419
5412,-0.20812608301639557,-0.9593045115470886,-0.3700030744879279,-0.9290305295680444
5413,-0.22649411857128143,-0.9586234092712402,-0.4095194374801524,-0.9123013922635104
5414,-0.2435661405324936,-0.95295250415802,-0.4282753166392952,-0.9036483016956935
5415,-0.25646352767944336,-0.9504337906837463,-0.446462563927184,-0.8948023128108047
5416,-0.31555140018463135,-0.9089858531951904,-0.4559653755970332,-0.8899975147474607
5417,-0.3118084967136383,-0.9061757326126099,-0.4669182532081685,-0.8843004833319004
5418,-0.302693247795105,-0.9176779985427856,-0.4858936812329029,-0.8740179234649242
5419,-0.30034342408180237,-0.9168407917022705,-0.5149554889969225,-0.8572169179104787
5420,-0.30817246437072754,-0.9148505926132202,-0.5365128769384361,-0.8438921334384167
5421,-0.3208201825618744,-0.9108189344406128,-0.549298540948906,-0.8356261801256606
5422,-0.3379479944705963,-0.8997150659561157,-0.5426049533646529,-0.8399880145479118
5423,-0.3295906186103821,-0.949275016784668,-0.528873739375504,-0.8487005171431036
5424,-0.31339940428733826,-0.9353741407394409,-0.5319215620308938,-0.8467936300224594
5425,-0.31882691383361816,-0.9299076795578003,-0.530227708526108,-0.8478552807591355
5426,-0.3252585828304291,-0.9218502044677734,-0.526072272094928,-0.8504398653243391
5427,-0.32693004608154297,-0.9150282144546509,-0.5278243813459386,-0.8493535320800033
5428,-0.3281855583190918,-0.9144922494888306,-0.5318157968751916,-0.8468600582115117
5429,-0.3276721239089966,-0.9175130724906921,-0.5430146675067828,-0.8397232108692114
5430,-0.3238146901130676,-0.9228653907775879,-0.5333419365833775,-0.8458997450534506
5431,-0.31679442524909973,-0.9283952713012695,-0.5226150270459846,-0.85256878520488
5432,-0.3102351725101471,-0.9317656755447388,-0.5149714926001383,-0.8572073038706481
5433,-0.3083289861679077,-0.9315719604492188,-0.5178521390108152,-0.8554701409879385
5434,-0.3020596504211426,-0.9347455501556396,-0.5057467393353263,-0.8626820014650157
5435,-0.2926846444606781,-0.9374387264251709,-0.4971824326169398,-0.8676460273043968
5436,-0.2838106155395508,-0.9378987550735474,-0.5011835543259326,-0.8653409991865778
5437,-0.27875861525535583,-0.9369230270385742,-0.4945092297744387,-0.8691723774188245
5438,-0.276996910572052,-0.9364187717437744,-0.4975565966660277,-0.8674315149417386
5439,-0.2710282504558563,-0.9384854435920715,-0.4858185646141598,-0.8740596788985506
5440,-0.27280956506729126,-0.9381886124610901,-0.4868336754716949,-0.8734946894095695
5441,-0.281019389629364,-0.9375416040420532,-0.4785016852282854,-0.8780866342415712
5442,-0.2956514358520508,-0.9347951412200928,-0.4901440657578753,-0.8716414370613295
5443,-0.37590378522872925,-0.8933491110801697,-0.482297078716544,-0.8760077213480985
5444,-0.3851528465747833,-0.889967679977417,-0.497627015356515,-0.8673911191540796
5445,-0.39376527070999146,-0.8883473873138428,-0.5116072984256874,-0.8592193970096169
5446,-0.4143751263618469,-0.8760805726051331,-0.5088628685100717,-0.8608475945553321
5447,-0.4415169060230255,-0.8665763139724731,-0.5080850909878504,-0.8613068792920835
5448,-0.4671701192855835,-0.856863260269165,-0.4938548295509663,-0.8695443676599751
5449,-0.48708826303482056,-0.8468352556228638,-0.4800131730297701,-0.8772612801884578
5450,-0.5024690628051758,-0.839019238948822,-0.4892928662417513,-0.8721195394238863
5451,-0.5143154263496399,-0.8328167200088501,-0.4882952853118664,-0.8726784713410793
5452,-0.5232633948326111,-0.8276084065437317,-0.4703617354712966,-0.8824737037467065
5453,-0.532745361328125,-0.8219355940818787,-0.4593346065755639,-0.8882633163663081
5454,-0.5108296871185303,-0.8597660064697266,-0.4651468173458154,-0.8852335501510653
5455,-0.5160343647003174,-0.840090811252594,-0.4629747449017866,-0.8863714715530535
5456,-0.5326678156852722,-0.8274489641189575,-0.4600274391175701,-0.8879046994238348
5457,-0.5421650409698486,-0.8182922601699829,-0.4404907406122489,-0.8977571539313248
5458,-0.5382430553436279,-0.8164657950401306,-0.44705348458464,-0.894507228545824
5459,-0.5258417725563049,-0.8291987180709839,-0.4431095792026628,-0.8964674566423697
5460,-0.5169788599014282,-0.8401871919631958,-0.4464991208208902,-0.8947840717771925
5461,-0.5129037499427795,-0.8448183536529541,-0.4507555312054105,-0.8926474394113996
5462,-0.5130875706672668,-0.8432955741882324,-0.4486509514194289,-0.8937070682222679
5463,-0.505959689617157,-0.8410106897354126,-0.4324138188342102,-0.9016752681987096
5464,-0.4941021800041199,-0.8435956835746765,-0.4162047938569977,-0.909270899991006
5465,-0.47987130284309387,-0.8513855338096619,-0.401304822784973,-0.9159445612096409
5466,-0.46909093856811523,-0.8576098084449768,-0.3999340410510417,-0.9165439230111035
5467,-0.4626133441925049,-0.8612386584281921,-0.4062369311281716,-0.91376778001173
5468,-0.4580410420894623,-0.864248514175415,-0.3928142609422724,-0.9196178317107472
5469,-0.4539053440093994,-0.8673593997955322,-0.3920113047241498,-0.9199603996740674
5470,-0.4500453472137451,-0.8719751834869385,-0.3910977919414757,-0.920349127852307
5471,-0.44474586844444275,-0.8789027333259583,-0.3889705601211439,-0.9212501849981056
5472,-0.4373912513256073,-0.8839024305343628,-0.3701732327496862,-0.928962742931947
5473,-0.4273674786090851,-0.8892796039581299,-0.3719695408451124,-0.9282449357165792
5474,-0.4171038269996643,-0.8943865299224854,-0.3963067403526958,-0.9181181664421094
5475,-0.40613260865211487,-0.9002882242202759,-0.3766315644963886,-0.926363138636789
5476,-0.39591413736343384,-0.9042644500732422,-0.3515269395681903,-0.9361777666436124
5477,-0.3869999647140503,-0.9060268998146057,-0.3487741368494461,-0.9372068082685506
5478,-0.3765062689781189,-0.9102453589439392,-0.3654837932568723,-0.9308177033482806
5479,-0.43192219734191895,-0.8832204937934875,-0.3744539884109751,-0.9272454963833004
5480,-0.41054192185401917,-0.8787832260131836,-0.3844446340118491,-0.9231480506286602
5481,-0.38881397247314453,-0.8910746574401855,-0.3820546449623038,-0.9241397341650924
5482,-0.39456087350845337,-0.8809800148010254,-0.3893063196061655,-0.921108348412228
5483,-0.3780507445335388,-0.9297458529472351,-0.3928527710359683,-0.9196013811915252
5484,-0.36067354679107666,-0.9195439219474792,-0.4125282376090023,-0.9109448134630388
5485,-0.35327064990997314,-0.9169610142707825,-0.39742654436631,-0.9176339912149362
5486,-0.3477745056152344,-0.9176855087280273,-0.3937547355589268,-0.9192155395906444
5487,-0.3396154046058655,-0.917255699634552,-0.3662327638105476,-0.9305232736002296
5488,-0.33630651235580444,-0.9181317090988159,-0.3562481042438222,-0.9343913999083482
5489,-0.3369564414024353,-0.9170867204666138,-0.353943384900433,-0.9352668497734878
5490,-0.3414527475833893,-0.9140799641609192,-0.3554502179423959,-0.9346952137272896
5491,-0.3398071229457855,-0.9119069576263428,-0.3598728407706498,-0.933001360382536
5492,-0.3355518579483032,-0.9122247695922852,-0.3522862678080463,-0.935892293757074
5493,-0.3299896717071533,-0.9125387668609619,-0.3423177092633462,-0.939584262280236
5494,-0.31804805994033813,-0.9156579375267029,-0.356395992083372,-0.9343350024626654
5495,-0.30365872383117676,-0.9205601215362549,-0.3558596385300392,-0.9345394147200372
5496,-0.28717267513275146,-0.926746666431427,-0.3611351488545696,-0.9325134874422932
5497,-0.2744870185852051,-0.9318990707397461,-0.3561219578626689,-0.934439485000532
5498,-0.2728120684623718,-0.9344350695610046,-0.3460616875542016,-0.9382117609618512
5499,-0.27728837728500366,-0.9349551200866699,-0.3031831276398457,-0.9529323119269916
5500,-0.28650519251823425,-0.9323852062225342,-0.2994455113895096,-0.9541134029604004
5501,-0.29619070887565613,-0.9302363991737366,-0.2706211336669414,-0.9626859311389252
5502,-0.30196166038513184,-0.9296075105667114,-0.2642921387647514,-0.9644426708660052
5503,-0.18609265983104706,-0.9517605900764465,-0.2697584698314976,-0.9629280180543968
5504,-0.15145595371723175,-0.9582454562187195,-0.2668647697910885,-0.9637339854152438
5505,-0.12091115117073059,-0.956908106803894,-0.295681572179053,-0.9552865579886088
5506,-0.09562116116285324,-0.9681252837181091,-0.303568537412809,-0.9528096048492836
5507,-0.07562017440795898,-0.9720574617385864,-0.2989075827197623,-0.954282063643988
5508,-0.06366460025310516,-0.9746594429016113,-0.2898645116063646,-0.957067690872074
5509,-0.12073087692260742,-0.9635903835296631,-0.2732650049873502,-0.9619387906978611
5510,-0.11857467889785767,-0.9513219594955444,-0.2545941162000084,-0.9670480008750012
5511,-0.11758916079998016,-0.9450525641441345,-0.2562207349756326,-0.9666182984862984
5512,-0.11994016170501709,-0.9460697174072266,-0.27124419327834,-0.96251056493567
5513,-0.12721557915210724,-0.9497445821762085,-0.2841785650502796,-0.9587713716866832
5514,-0.136043518781662,-0.9507229328155518,-0.2883644492837622,-0.9575207279162538
5515,-0.14212223887443542,-0.9535557627677917,-0.2642786840626314,-0.964446357839628
5516,-0.14705117046833038,-0.9559656381607056,-0.2497225211324531,-0.9683174388800666
5517,-0.14784902334213257,-0.9587599039077759,-0.2316775313077745,-0.9727926405391516
5518,-0.14725270867347717,-0.9643601179122925,-0.2375294239671212,-0.971380344020738
5519,-0.14556898176670074,-0.9696400761604309,-0.2323178850442481,-0.9726399129629462
5520,-0.14167723059654236,-0.9715222716331482,-0.2450512363376068,-0.9695101296889116
5521,-0.1357136070728302,-0.967490017414093,-0.2378438163725358,-0.9713034124378168
5522,-0.1297295242547989,-0.9604117274284363,-0.2335351436874762,-0.972348361783404
5523,-0.1278810054063797,-0.9549122452735901,-0.2358522023493706,-0.971788937293974
5524,-0.12782227993011475,-0.951554536819458,-0.2253627462576539,-0.9742749265988572
5525,-0.1291036605834961,-0.9512803554534912,-0.2300961415235847,-0.9731679020888216
5526,-0.13612161576747894,-0.9519477486610413,-0.1933242757947787,-0.9811349165066058
5527,-0.1495332270860672,-0.9533835053443909,-0.1580409113245806,-0.9874325649621324
5528,-0.1686936318874359,-0.9532922506332397,-0.1577607982758533,-0.9874773569694474
5529,-0.1935301572084427,-0.953585684299469,-0.1576325876979633,-0.9874978315397172
5530,-0.1148834377527237,-0.9561933279037476,-0.1403616706636447,-0.990100298660954
5531,-0.10124945640563965,-0.961951494216919,-0.1193983407751436,-0.9928464313377688
5532,-0.08068152517080307,-0.9602599143981934,-0.1200902003156055,-0.9927629846988444
5533,-0.06527184695005417,-0.9646182060241699,-0.1066804476958609,-0.9942933581591556
5534,-0.0544607937335968,-0.9642784595489502,-0.1034149910387794,-0.9946382958786824
5535,-0.04634833335876465,-0.9660212993621826,-0.0964126964537847,-0.9953414449135084
5536,-0.03792857006192207,-0.9667695760726929,-0.0933855078297815,-0.9956300251234762
5537,-0.026888839900493622,-0.9675891995429993,-0.0767374795618451,-0.9970513322946294
5538,-0.013439066708087921,-0.9711576104164124,-0.0802950940112702,-0.9967711361580056
5539,-0.06457524001598358,-0.9869692325592041,-0.0841010319217697,-0.9964572326144728
5540,-0.07059386372566223,-0.9683138132095337,-0.1117350554369756,-0.9937380325752336
5541,-0.08476905524730682,-0.9614539742469788,-0.1164011893093518,-0.9932022770449978
5542,-0.08747480064630508,-0.9619551301002502,-0.1116941346783028,-0.9937426328172024
5543,-0.09082122147083282,-0.9697240591049194,-0.1075791401061887,-0.9941965241409834
5544,-0.09348049759864807,-0.9756402969360352,-0.0912789945604325,-0.9958253587612824
5545,-0.09689521789550781,-0.9794416427612305,-0.0897328043373678,-0.995965874829932
5546,-0.10288237780332565,-0.9778263568878174,-0.0851078890447293,-0.9963717414812356
5547,-0.11046408116817474,-0.9718702435493469,-0.0793622475883219,-0.9968458424740156
5548,-0.11496187746524811,-0.9614613056182861,-0.052913131499314,-0.9985991190237132
5549,-0.11304090917110443,-0.9534869194030762,-0.0926200291282979,-0.9957015266656336
5550,-0.10539563000202179,-0.9499126076698303,-0.0730268379315443,-0.997329975956664
5551,-0.1051456481218338,-0.9488967061042786,-0.0583199715931625,-0.9982979419558936
5552,-0.10855604708194733,-0.9503663182258606,-0.046319017376739,-0.9989266983263854
5553,-0.1037077009677887,-0.9542974233627319,-0.0425880297078864,-0.9990927182827428
5554,-0.08775363862514496,-0.9576601982116699,-0.0570215693606714,-0.9983729466625416
5555,-0.07648324966430664,-0.9611590504646301,-0.0664914302784913,-0.9977869961567551
5556,-0.07388485968112946,-0.9634232521057129,-0.066373001193586,-0.997794881081556
5557,-0.08482334017753601,-0.964295506477356,-0.0189284150942458,-0.9998208415021262
5558,-0.12375122308731079,-0.9647670984268188,-0.017835791334817,-0.999840929622038
5559,-0.07393378019332886,-0.9609013199806213,-0.007626591392603,-0.9999709171289584
5560,-0.07350882887840271,-0.966381311416626,-0.0258494637467048,-0.9996658467828176
5561,-0.0677451565861702,-0.9638705253601074,-0.0381898271920854,-0.9992705024661934
5562,-0.0635242611169815,-0.9654344320297241,-0.0427741201988157,-0.999084768496256
5563,-0.05928593873977661,-0.9657531976699829,-0.0422322285969257,-0.9991078214425794
5564,-0.05132696032524109,-0.9659872651100159,-0.0473062838679734,-0.9988804310359688
5565,-0.043677784502506256,-0.9681636691093445,-0.0493004323091287,-0.9987839943521988
5566,-0.0420662984251976,-0.9701586365699768,-0.0700618923336862,-0.9975426463277764
5567,-0.11547228693962097,-0.9734768867492676,-0.0524134004792964,-0.998625473062948
5568,-0.1301339715719223,-0.9570707082748413,-0.060769457062589,-0.9981518286755368
5569,-0.1400633305311203,-0.954911470413208,-0.0663073859749783,-0.9977992436182568
5570,-0.13812591135501862,-0.9566426277160645,-0.0654321791184515,-0.9978570187836586
5571,-0.13213269412517548,-0.9629038572311401,-0.0522500776751819,-0.998634031756848
5572,-0.1260548233985901,-0.9676792621612549,-0.0386756113137081,-0.9992518186570946
5573,-0.12115754187107086,-0.969819188117981,-0.0346101691268658,-0.9994008886292876
5574,-0.11427302658557892,-0.9720149040222168,-0.033926006652485,-0.99942434734832
5575,-0.11394646763801575,-0.9727694988250732,-0.0252281144480893,-0.9996817204697672
5576,-0.1137305349111557,-0.9705167412757874,-0.0493095147238956,-0.9987835459986782
5577,-0.10284686088562012,-0.9674468636512756,-0.0657389100956953,-0.9978368582586185
5578,-0.1109008938074112,-0.9617350101470947,-0.042936228473694,-0.9990778149295754
5579,-0.10939949750900269,-0.9577088356018066,-0.0407571733874265,-0.999169081195704
5580,-0.10385335981845856,-0.9573239088058472,-0.0535101736967809,-0.9985673043470532
5581,-0.09074103087186813,-0.9572542309761047,-0.0478001467140764,-0.9988569196707368
5582,-0.0695677399635315,-0.9596201181411743,-0.0546618553494509,-0.9985049231574954
5583,-0.07414217293262482,-0.9632499814033508,-0.0899228902289394,-0.9959487305142138
5584,-0.06915126740932465,-0.967315673828125,-0.0865394692814878,-0.9962484229631072
5585,-0.05588644742965698,-0.970558762550354,-0.0620632792868516,-0.998072216507484
5586,-0.04915906488895416,-0.9706774950027466,-0.0487247878633589,-0.9988122421394676
5587,-0.06265773624181747,-0.9719563126564026,-0.0379288294349361,-0.9992804430677584
5588,0.01195836067199707,-0.9745532274246216,-0.0278326415616879,-0.9996125969913038
5589,0.02602660283446312,-0.9702515602111816,-0.0457521632841533,-0.99895282148599
5590,0.03143418952822685,-0.9732906222343445,-0.0730605208068518,-0.9973275090457656
5591,0.03430144116282463,-0.9715030193328857,-0.0950900212784497,-0.9954686774847634
5592,0.03944594785571098,-0.9693378806114197,-0.0893203255854039,-0.9960029515203844
5593,0.049636561423540115,-0.9677722454071045,-0.0792649080192071,-0.9968535872216676
5594,0.05875903740525246,-0.9702621102333069,-0.0927507382838769,-0.9956893594629782
5595,0.0684032291173935,-0.9707328081130981,-0.1040651565597559,-0.9945704817609426
5596,0.012732584029436111,-0.9784227609634399,-0.1076366170348086,-0.99419030304731
5597,0.012768633663654327,-0.9600576162338257,-0.1163355394551489,-0.993209968868456
5598,0.013731736689805984,-0.9558531641960144,-0.1268645518300809,-0.9919200499480554
5599,0.011934604495763779,-0.9615377187728882,-0.138577842566608,-0.9903515444273232
5600,0.003407713258638978,-0.9685620665550232,-0.1316181288024473,-0.991300493377534
5601,-0.00944335013628006,-0.9727821350097656,-0.1178240843521661,-0.9930344833622716
5602,-0.01281934417784214,-0.975132167339325,-0.1116010281678041,-0.9937530933345008
5603,-0.027664462104439735,-0.9770194292068481,-0.1082903127225811,-0.9941193128445124
5604,-0.03656512126326561,-0.9749573469161987,-0.1095534493907158,-0.993980906117716
5605,-0.04070521146059036,-0.9689003825187683,-0.1137756257011803,-0.9935064705357006
5606,-0.040894657373428345,-0.9645628929138184,-0.126458874510791,-0.9919718509400678
5607,-0.034172236919403076,-0.9624291658401489,-0.1326961306240408,-0.9911567670744156
5608,-0.02267805114388466,-0.9611380100250244,-0.1467026677790322,-0.9891806342961406
5609,-0.02205435000360012,-0.9615600109100342,-0.1452794904547644,-0.9893906557337218
5610,-0.02565799281001091,-0.9633173942565918,-0.1454284631277914,-0.9893687695254428
5611,-0.030304711312055588,-0.9662578701972961,-0.1451785680603943,-0.989405469651312
5612,-0.033285900950431824,-0.9705392122268677,-0.1342929566845941,-0.9909416742598476
5613,-0.034159429371356964,-0.9737545847892761,-0.1383777428439435,-0.9903795233572912
5614,-0.03627200797200203,-0.9794210195541382,-0.1557323713563263,-0.9877992855391904
5615,-0.03310907259583473,-0.9800905585289001,-0.1569955446225773,-0.9875993109397456
5616,-0.027270155027508736,-0.9819262027740479,-0.1596292910670251,-0.9871770304425844
5617,-0.02732500247657299,-0.9843834042549133,-0.1494875912778492,-0.988763601703636
5618,-0.03815992549061775,-0.9822978973388672,-0.1402911013708347,-0.9901103003585804
5619,-0.053694166243076324,-0.9793120622634888,-0.1480919752356137,-0.9889735926053912
5620,-0.06926709413528442,-0.9759159684181213,-0.1199357541103823,-0.9927816551921042
5621,-0.08303429186344147,-0.9738515019416809,-0.147177092809043,-0.9891101573395544
5622,-0.1569385677576065,-0.9432154893875122,-0.1527725129259019,-0.9882613820717197
5623,-0.18398648500442505,-0.9393737316131592,-0.1488816025843453,-0.988855029016851
5624,-0.09717989712953568,-0.9247962832450867,-0.1434442226600822,-0.989658403180332
5625,-0.17241725325584412,-0.9344197511672974,-0.1155831727119779,-0.9932978053865986
5626,-0.18069301545619965,-0.9214003086090088,-0.1277858493991156,-0.9918017829654
5627,-0.211117684841156,-0.9408203363418579,-0.1294771425303102,-0.9915824068438214
5628,-0.22078050673007965,-0.9841848611831665,-0.1737385242390078,-0.9847918182008072
5629,-0.21393847465515137,-0.9574174284934998,-0.1603388251138237,-0.9870620351128488
5630,-0.22131788730621338,-0.9423131942749023,-0.1490861992689849,-0.988824203378704
5631,-0.23042207956314087,-0.9383329153060913,-0.1399171264194534,-0.9901632177244934
5632,-0.22966419160366058,-0.9405341148376465,-0.1083584354402434,-0.9941118898136884
5633,-0.23522774875164032,-0.9453976154327393,-0.0892683518207596,-0.9960076110970264
5634,-0.2525950074195862,-0.9438412189483643,-0.0869442476210707,-0.9962131788957652
5635,-0.27706944942474365,-0.9361307621002197,-0.0925442488946871,-0.9957085728246584
5636,-0.29965758323669434,-0.927743673324585,-0.1125921002635425,-0.9936412929011376
5637,-0.29256391525268555,-0.9289847612380981,-0.1158765573805219,-0.9932636223327816
5638,-0.31678226590156555,-0.9243719577789307,-0.1052639296280197,-0.9944443197682148
5639,-0.3272158205509186,-0.9225170612335205,-0.0916007649944454,-0.9957958123292306
5640,-0.33630043268203735,-0.9202682971954346,-0.1094873571404107,-0.993988188373689
5641,-0.34250152111053467,-0.9177392721176147,-0.1185051874775136,-0.9929534332187584
5642,-0.33618253469467163,-0.9201267957687378,-0.1319733643824471,-0.9912532628413274
5643,-0.32088690996170044,-0.9274100661277771,-0.1461808103720761,-0.9892578888636488
5644,-0.2939770221710205,-0.9381289482116699,-0.1469374612291803,-0.989145784243922
5645,-0.25579366087913513,-0.9513845443725586,-0.1237469276204541,-0.9923138101953928
5646,-0.24679327011108398,-0.9540592432022095,-0.1364639890148304,-0.9906450321392424
5647,-0.2567702531814575,-0.9506873488426208,-0.1566897818799683,-0.987647868551544
5648,-0.2712279260158539,-0.9489460587501526,-0.2128921622891691,-0.9770757018961438
5649,-0.18007420003414154,-0.9661007523536682,-0.2668815348518392,-0.963729342894117
5650,-0.25273704528808594,-0.9615313410758972,-0.2944524039148326,-0.9556661455910094
5651,-0.2509623169898987,-0.9395134449005127,-0.2846124360606867,-0.9586426660855448
5652,-0.33489084243774414,-0.9189313650131226,-0.2917947221526971,-0.9564809669427984
5653,-0.35170209407806396,-0.911379873752594,-0.2965838284702288,-0.9550068233734992
5654,-0.33040091395378113,-0.9631590843200684,-0.3093707967782209,-0.9509414861603256
5655,-0.32658010721206665,-0.9455407857894897,-0.3044399724445948,-0.952531523456276
5656,-0.333616703748703,-0.934201717376709,-0.3312241149213459,-0.9435521107467096
5657,-0.3372412919998169,-0.9319623708724976,-0.3336497592232801,-0.9426971083917928
5658,-0.3257056474685669,-0.9318651556968689,-0.3296272577676262,-0.9441111539096416
5659,-0.3148820102214813,-0.934461236000061,-0.3166455611656088,-0.9485439307665812
5660,-0.31759434938430786,-0.9316542148590088,-0.3179871789211146,-0.9480950131931878
5661,-0.3278772830963135,-0.925562858581543,-0.3381273026453265,-0.941100381046462
5662,-0.33707281947135925,-0.92153000831604,-0.3396249230569649,-0.9405609558335656
5663,-0.3456612825393677,-0.9176872372627258,-0.3456844710652353,-0.9383508120443806
5664,-0.35270050168037415,-0.9157922267913818,-0.3465607525870892,-0.9380275287891452
5665,-0.3543158769607544,-0.9145008325576782,-0.3362842703444997,-0.9417605266302402
5666,-0.32416749000549316,-0.922075092792511,-0.3263390058488281,-0.9452527986002468
5667,-0.3238719701766968,-0.9214136600494385,-0.3324704823136289,-0.9431136614375508
5668,-0.3167816996574402,-0.9229050278663635,-0.3251088831556489,-0.9456765906446488
5669,-0.3065917491912842,-0.9273892641067505,-0.3155370804550141,-0.9489132472770764
5670,-0.299607515335083,-0.930577278137207,-0.3093782346186428,-0.950939066367689
5671,-0.29641544818878174,-0.9323232173919678,-0.3048670472755158,-0.9523949199179448
5672,-0.2879175841808319,-0.9345552325248718,-0.3251694341066187,-0.9456557720031012
5673,-0.2780238389968872,-0.9369346499443054,-0.3319319833586672,-0.943303322597552
5674,-0.27323541045188904,-0.940272331237793,-0.3320490389171026,-0.9432621246261448
5675,-0.27714961767196655,-0.9383484125137329,-0.3434187284282782,-0.9391823981339856
5676,-0.2828420400619507,-0.9371180534362793,-0.3309009675410526,-0.9436654861127408
5677,-0.35619625449180603,-0.9014426469802856,-0.3476857440442047,-0.9376111258877146
5678,-0.3572549819946289,-0.8941711187362671,-0.3581268202848068,-0.9336729516231548
5679,-0.35502105951309204,-0.8949691653251648,-0.3583646345679643,-0.9335816989910252
5680,-0.36286330223083496,-0.885765790939331,-0.3473854005120616,-0.9377224448156686
5681,-0.3822396993637085,-0.8781498074531555,-0.3514884319307989,-0.936192225036519
5682,-0.4097275137901306,-0.8658871054649353,-0.3602519944564865,-0.9328550265127608
5683,-0.4415178894996643,-0.848567008972168,-0.3665294386814805,-0.9304064545024604
5684,-0.4702204167842865,-0.8328089714050293,-0.3631154720871465,-0.931744146174758
5685,-0.45853155851364136,-0.8699064254760742,-0.3847024670389736,-0.9230406339127912
5686,-0.4434540271759033,-0.8649422526359558,-0.3872167910920366,-0.9219886966207264
5687,-0.43436264991760254,-0.8693528175354004,-0.3842887648805549,-0.9232129468256918
5688,-0.43203386664390564,-0.8677986264228821,-0.3825775633813869,-0.9239233777739152
5689,-0.4303574562072754,-0.867029070854187,-0.3808545914937749,-0.9246349442553584
5690,-0.43712687492370605,-0.8659926652908325,-0.3864617352775566,-0.922305441362166
5691,-0.4468522071838379,-0.8629827499389648,-0.3876192983144971,-0.9218195482707974
5692,-0.453805148601532,-0.8623643517494202,-0.3926722578455588,-0.91967847529366
5693,-0.45901429653167725,-0.8630884289741516,-0.3939513903781034,-0.9191312757267914
5694,-0.4480360150337219,-0.8701984882354736,-0.3917551688152427,-0.9200695015630834
5695,-0.4275081157684326,-0.8786931037902832,-0.3855693560647673,-0.9226788561920126
5696,-0.4215562641620636,-0.8797122240066528,-0.3792424197725278,-0.9252973506095636
5697,-0.40868157148361206,-0.8836573958396912,-0.362087916392444,-0.9321439485415214
5698,-0.3947116732597351,-0.8905577659606934,-0.3565272774156058,-0.9342849139628744
5699,-0.37966787815093994,-0.8971080183982849,-0.3427645689769307,-0.9394213379810248
5700,-0.3675808608531952,-0.9017287492752075,-0.355404815371139,-0.9347124783648748
5701,-0.36405149102211,-0.9024100303649902,-0.3521997340598552,-0.9359248620098556
5702,-0.3649448752403259,-0.904711902141571,-0.3539480653668732,-0.9352650784793836
5703,-0.36604374647140503,-0.9066509008407593,-0.3642414724065848,-0.9313045419083292
5704,-0.365410178899765,-0.9080603718757629,-0.3764528879738785,-0.9264357630921458
5705,-0.36767351627349854,-0.9050012826919556,-0.39339853310772,-0.9193680406391632
5706,-0.37318816781044006,-0.901827871799469,-0.4117247174986285,-0.9113082667246438
5707,-0.4468628764152527,-0.8708711862564087,-0.4152987489821,-0.9096850823740612
5708,-0.4444725513458252,-0.8586285710334778,-0.4336130957121042,-0.9010991528277926
5709,-0.441302090883255,-0.8650728464126587,-0.4409893399654772,-0.8975123408827383
5710,-0.44372889399528503,-0.8599849939346313,-0.441271378504404,-0.8973737072774213
5711,-0.4538574516773224,-0.8536601662635803,-0.435371762470429,-0.9002507586463854
5712,-0.4651261568069458,-0.8468248844146729,-0.4400131314605298,-0.8979913385675268
5713,-0.4774787724018097,-0.8381978273391724,-0.4260508162563203,-0.9046992328764976
5714,-0.487989604473114,-0.8304036855697632,-0.4331118579792957,-0.90134017910982
5715,-0.46337008476257324,-0.8719210624694824,-0.4440951355729209,-0.895979637358165
5716,-0.454617440700531,-0.8572204113006592,-0.4526432660600374,-0.89169169206094
5717,-0.47205424308776855,-0.8477129340171814,-0.4580697780081549,-0.8889162381662064
5718,-0.482067734003067,-0.8418315052986145,-0.4479839185735492,-0.8940416146351844
5719,-0.4845842719078064,-0.8394038081169128,-0.445126269203648,-0.895467813193105
5720,-0.4893729090690613,-0.8428918123245239,-0.4597598462006228,-0.8880432893849148
5721,-0.460064560174942,-0.8668153285980225,-0.4618958131561734,-0.8869341902242789
5722,-0.4516335129737854,-0.8769490122795105,-0.4645126663494376,-0.8855664756532601
5723,-0.4278658628463745,-0.8889591693878174,-0.4537289153391079,-0.8911397597376052
5724,-0.450543075799942,-0.8774169683456421,-0.4395843793682306,-0.8982012989388556
5725,-0.4501211941242218,-0.8760174512863159,-0.4233521840475126,-0.9059651915290128
5726,-0.4528852105140686,-0.8757792711257935,-0.4169461647034124,-0.9089311831701644
5727,-0.45208752155303955,-0.8749511241912842,-0.4064981598127418,-0.9136515999377742
5728,-0.4442743957042694,-0.8771131038665771,-0.3993073707835746,-0.9168171156986048
5729,-0.43780773878097534,-0.8794469833374023,-0.3999853738463486,-0.9165215222290182
5730,-0.4294603765010834,-0.8844161629676819,-0.3989697542598756,-0.9169640860937872
5731,-0.42248857021331787,-0.8884683847427368,-0.3985517549759813,-0.9171458436942106
5732,-0.42025214433670044,-0.8883416652679443,-0.4089149568171842,-0.9125724947045032
5733,-0.4231911897659302,-0.8873446583747864,-0.4167764902167132,-0.9090089973166592
5734,-0.4251374304294586,-0.8863649368286133,-0.422084295103442,-0.9065565883203488
5735,-0.48267844319343567,-0.8551110625267029,-0.4299769457378408,-0.9028398673817843
5736,-0.46560442447662354,-0.8522588014602661,-0.4471249470491437,-0.8944715097342678
5737,-0.45841890573501587,-0.8641905188560486,-0.448104535551531,-0.8939811660310001
5738,-0.4567068815231323,-0.8618305921554565,-0.4517415595597408,-0.8921488459705214
5739,-0.45964452624320984,-0.8587435483932495,-0.4445207983069694,-0.895768530298165
5740,-0.4697533845901489,-0.8508381247520447,-0.4423947920322383,-0.8968204101060326
5741,-0.48117366433143616,-0.8408827185630798,-0.4395325747635726,-0.8982266505296447
5742,-0.49355727434158325,-0.8313207626342773,-0.4262889903341844,-0.9045870310367388
5743,-0.5033297538757324,-0.825373113155365,-0.435614869867185,-0.900133148567808
5744,-0.4792255163192749,-0.8671063184738159,-0.4372258995727532,-0.8993517180407211
5745,-0.47458139061927795,-0.8533862829208374,-0.4374259616775541,-0.8992544289857387
5746,-0.48795291781425476,-0.8446048498153687,-0.4300037068777845,-0.902827121918346
5747,-0.4995731711387634,-0.8361301422119141,-0.4180300055419021,-0.908433219596596
5748,-0.4902704358100891,-0.8383041024208069,-0.4108962730401281,-0.9116821007356306
5749,-0.4937949478626251,-0.8389981389045715,-0.4096276985160416,-0.9122527876682268
5750,-0.4895209074020386,-0.8470507264137268,-0.4256761737888718,-0.9048755688316854
5751,-0.4804437756538391,-0.8567935228347778,-0.409444470384379,-0.9123350402520204
5752,-0.47885310649871826,-0.8586199283599854,-0.4040559271203177,-0.9147342825973784
5753,-0.47325950860977173,-0.8599682450294495,-0.3996846532460202,-0.916652703023129
5754,-0.46165353059768677,-0.8655437231063843,-0.3901622458845928,-0.9207461223846074
5755,-0.44784069061279297,-0.8738215565681458,-0.378058442576379,-0.9257817312934636
5756,-0.4371708035469055,-0.8795737028121948,-0.3778330509310432,-0.9258737417294756
5757,-0.42655453085899353,-0.884463906288147,-0.3724452940824306,-0.928054148698152
5758,-0.4201309084892273,-0.8879642486572266,-0.388017271748845,-0.9216521018391826
5759,-0.418307900428772,-0.8897386789321899,-0.4007392031835339,-0.9161921692700862
5760,-0.42157477140426636,-0.8898099064826965,-0.3895943333929236,-0.9209865663450924
5761,-0.42673105001449585,-0.8837063312530518,-0.3813757104153944,-0.9244201250000744
5762,-0.42809629440307617,-0.8814328908920288,-0.3759759864923891,-0.9266294068186456
5763,-0.4292184114456177,-0.8799470663070679,-0.3779761872230898,-0.9258153173783072
5764,-0.4908081889152527,-0.8504526019096375,-0.3932153798529674,-0.9194463905237144
5765,-0.47643420100212097,-0.8407068252563477,-0.3923968539881078,-0.9197960148751656
5766,-0.4690939784049988,-0.8513850569725037,-0.3961054024174973,-0.9182050480016284
5767,-0.4703504741191864,-0.8435602188110352,-0.4000218973102641,-0.9165055819100594
5768,-0.4843990206718445,-0.8334503173828125,-0.4032304471116341,-0.915098468211018
5769,-0.5048245191574097,-0.8191870450973511,-0.4083580611301918,-0.9128218303206768
5770,-0.5280022621154785,-0.8036603927612305,-0.3890508163720745,-0.92121629505791
5771,-0.5126326084136963,-0.836294412612915,-0.4095573312627145,-0.9122843813246848
5772,-0.5102149248123169,-0.8251988887786865,-0.4074684877327763,-0.9132192680319248
5773,-0.511778712272644,-0.8266335129737854,-0.406970269371216,-0.9134414047151136
5774,-0.515486478805542,-0.8272492289543152,-0.3983869704708294,-0.9172174342864808
5775,-0.5196514129638672,-0.8259313702583313,-0.394882346642742,-0.91873169767344
5776,-0.5150548219680786,-0.8298786282539368,-0.4099224810113054,-0.912120364623845
5777,-0.5079046487808228,-0.8352359533309937,-0.418823059714812,-0.908067863461274
5778,-0.4984331429004669,-0.8417736291885376,-0.4143138051322909,-0.910134094997436
5779,-0.4898418188095093,-0.8486951589584351,-0.4013372405650322,-0.9159303572519284
5780,-0.4834880828857422,-0.8526526689529419,-0.3933000000045489,-0.9194101968090314
5781,-0.4776996672153473,-0.8543201684951782,-0.3799923116722631,-0.9249896448447246
5782,-0.4696706533432007,-0.8569714426994324,-0.3808704592309047,-0.9246284082188044
5783,-0.45890602469444275,-0.8629888296127319,-0.3675064704599539,-0.93002096437127
5784,-0.4392622709274292,-0.8728748559951782,-0.3707706108461441,-0.928724476975156
5785,-0.42400434613227844,-0.8797304630279541,-0.3716280303114423,-0.9283817141062386
5786,-0.4149249196052551,-0.8852786421775818,-0.3591732056245343,-0.9332709190590888
5787,-0.4163011312484741,-0.8860108852386475,-0.3463325862958483,-0.9381117948675568
5788,-0.42474424839019775,-0.8832094073295593,-0.3588241750618451,-0.9334051700045304
5789,-0.4319276809692383,-0.879737138748169,-0.3601274998141638,-0.9329030945803533
5790,-0.43475770950317383,-0.8782445788383484,-0.3554736298574459,-0.9346863102003642
5791,-0.43456771969795227,-0.8778653144836426,-0.3499659518364764,-0.9367624205502636
5792,-0.4321300983428955,-0.8785991668701172,-0.3691692435222411,-0.929362184316328
5793,-0.4281753897666931,-0.8831404447555542,-0.3542544496213644,-0.9351490709632684
5794,-0.4964245855808258,-0.8579226732254028,-0.342779401588672,-0.9394159259063644
5795,-0.4828924238681793,-0.8455268740653992,-0.3384118340138308,-0.9409981033984052
5796,-0.4733445644378662,-0.8566935062408447,-0.3490116081119779,-0.9371184009521376
5797,-0.46970975399017334,-0.8523679375648499,-0.3615548454437586,-0.9323508426210274
5798,-0.43305787444114685,-0.9027386903762817,-0.3710276147267019,-0.9286218332077996
5799,-0.408827543258667,-0.9010222554206848,-0.3804800424112344,-0.9247891312762848
5800,-0.40201932191848755,-0.8988116979598999,-0.3751455051778474,-0.9269659378557864
5801,-0.3930845856666565,-0.9016751050949097,-0.3698999545331283,-0.9290715923094351
5802,-0.38030388951301575,-0.8997080326080322,-0.3574267186222404,-0.933941187021398
5803,-0.37726956605911255,-0.902168869972229,-0.3494738729431448,-0.936946109512238
5804,-0.38620492815971375,-0.8990140557289124,-0.3487290822352616,-0.9372235737556712
5805,-0.39760181307792664,-0.8938586115837097,-0.3553621794299469,-0.9347286886743116
5806,-0.3994547128677368,-0.8893898725509644,-0.3560871878528382,-0.934452735373522
5807,-0.40251624584198,-0.8884539604187012,-0.3597351012579297,-0.933054476932053
5808,-0.40188148617744446,-0.8904359936714172,-0.3562337885234898,-0.934396857825518
5809,-0.4005274474620819,-0.8898676633834839,-0.3659312333786063,-0.9306418926945058
5810,-0.3957192301750183,-0.8913740515708923,-0.3602505659001643,-0.9328555781945088
5811,-0.38551831245422363,-0.8949340581893921,-0.3626606050183689,-0.9319212872167426
5812,-0.3736361861228943,-0.898672342300415,-0.3553047818198029,-0.9347505078982212
5813,-0.3566422462463379,-0.9050933122634888,-0.3526038859411244,-0.9357726751830374
5814,-0.3311665654182434,-0.9166840314865112,-0.3607455359368638,-0.9326642795248592
5815,-0.3268267810344696,-0.9200342893600464,-0.3561218555908054,-0.9344395239771066
5816,-0.33376333117485046,-0.9192547798156738,-0.3568624322884882,-0.9341569484948148
5817,-0.3453698754310608,-0.9157463312149048,-0.33925351021746,-0.9406949855320436
5818,-0.35539984703063965,-0.9118169546127319,-0.3459294060879017,-0.938260542708512
5819,-0.36306533217430115,-0.9073060750961304,-0.3508082750857707,-0.9364473045138986
5820,-0.3658598065376282,-0.9062319397926331,-0.367436108082261,-0.9300487656447703
5821,-0.3657848834991455,-0.908012866973877,-0.3846556479464073,-0.9230601456584124
5822,-0.42894458770751953,-0.8795273303985596,-0.3790224628902391,-0.9253874716164128
5823,-0.4135204553604126,-0.874083936214447,-0.3792153991051469,-0.9253084248408874
5824,-0.40278515219688416,-0.880107581615448,-0.3865210266113883,-0.9222805950399684
5825,-0.4042821526527405,-0.8715419173240662,-0.3831457022871235,-0.923687918519511
5826,-0.3824612498283386,-0.9216711521148682,-0.4106033877023511,-0.9118140479326652
5827,-0.367269366979599,-0.9161173105239868,-0.3891950956402008,-0.9211553492921892
5828,-0.36439049243927,-0.9098009467124939,-0.3808253036302122,-0.9246470073033042
5829,-0.3656902611255646,-0.9046338796615601,-0.3743999216411024,-0.927267328592535
5830,-0.36662527918815613,-0.8986498117446899,-0.3717549117246299,-0.9283309138494812
5831,-0.3794645369052887,-0.8956636786460876,-0.3714096776724876,-0.9284690901323636
5832,-0.388933390378952,-0.8885908126831055,-0.3596217744995936,-0.9330981616666938
5833,-0.3929973244667053,-0.8850798010826111,-0.344101706458186,-0.9389323807455808
5834,-0.3823227882385254,-0.8890777826309204,-0.3215692942467659,-0.9468860485811568
5835,-0.38453322649002075,-0.890213668346405,-0.3085848390322541,-0.9511968235436016
5836,-0.3830399513244629,-0.8886007070541382,-0.3169135171809539,-0.9484544388783244
5837,-0.3767838180065155,-0.8874634504318237,-0.3095604612297365,-0.950879761506802
5838,-0.3609137535095215,-0.8916545510292053,-0.3136012740731263,-0.9495547592949614
5839,-0.33893483877182007,-0.9003536105155945,-0.3003033952607148,-0.9538437349979748
5840,-0.3163794279098511,-0.910987138748169,-0.2937803390603858,-0.955872958285548
5841,-0.30482935905456543,-0.9173464775085449,-0.2879504483443071,-0.957645309756338
5842,-0.3065689206123352,-0.9189863204956055,-0.2836032017006538,-0.9589417208491549
5843,-0.3100328743457794,-0.919978141784668,-0.278049074679375,-0.9605668701709128
5844,-0.31749773025512695,-0.9182755351066589,-0.2939615110656008,-0.9558172576450106
5845,-0.3295164108276367,-0.9155175685882568,-0.2636080727597952,-0.9646298689009511
5846,-0.2143762856721878,-0.9496094584465027,-0.2608608363763016,-0.96537641572863
5847,-0.267561674118042,-0.9212689995765686,-0.2550282323575918,-0.9669336071833278
5848,-0.24054615199565887,-0.9329690933227539,-0.2628268465525009,-0.9648430176620796
5849,-0.18930338323116302,-0.9524771571159363,-0.2657950981180307,-0.964029546132496
5850,-0.21115154027938843,-0.9462451934814453,-0.2721141420492255,-0.9622649810196846
5851,-0.18593217432498932,-0.9353586435317993,-0.2783414554257795,-0.9604821883780348
5852,-0.17547929286956787,-0.9323008060455322,-0.2836732959723111,-0.9589209879610548
5853,-0.16461773216724396,-0.9297975897789001,-0.2587331216263887,-0.9659488453191838
5854,-0.15696370601654053,-0.9357465505599976,-0.2356150939432234,-0.9718464526385462
5855,-0.15318824350833893,-0.9413217306137085,-0.236697016206344,-0.9715835128896608
5856,-0.15148836374282837,-0.9443021416664124,-0.2109600530344293,-0.9774946833736288
5857,-0.15131467580795288,-0.9494812488555908,-0.1726036495176078,-0.9849913604561223
5858,-0.1471361219882965,-0.9537266492843628,-0.1411588447438793,-0.9899869597881444
5859,-0.1418219357728958,-0.9597504734992981,-0.1358298800871533,-0.9907321755527624
5860,-0.13669051229953766,-0.9619120359420776,-0.1536768477556628,-0.9881211598098094
5861,-0.13318274915218353,-0.9635828733444214,-0.1499267438400872,-0.988697108057624
5862,-0.13282574713230133,-0.9628112316131592,-0.1501320950632401,-0.9886659466330991
5863,-0.14089323580265045,-0.9564473032951355,-0.1477049409902601,-0.9890314708880924
5864,-0.14279767870903015,-0.954692006111145,-0.1490758154581432,-0.988825768902434
5865,-0.14342603087425232,-0.9541385173797607,-0.1066302311608301,-0.9942987447455558
5866,-0.1409788876771927,-0.9568076133728027,-0.0964952854807429,-0.99533344155614
5867,-0.13716065883636475,-0.9607713222503662,-0.1242897456384925,-0.9922459670510728
5868,-0.1317158192396164,-0.964862585067749,-0.1149116852961222,-0.993375711693418
5869,-0.12515656650066376,-0.969106137752533,-0.0837288895207826,-0.9964885714646288
5870,-0.12232308089733124,-0.9719556570053101,-0.0426666203584853,-0.9990893651256552
5871,-0.13061313331127167,-0.9709568023681641,-0.0275969182389058,-0.9996191325218396
5872,-0.14691583812236786,-0.9679321050643921,-0.0336675016612519,-0.999433088971888
5873,-0.0695495754480362,-0.9685101509094238,-0.0416205142562315,-0.9991334909775804
5874,-0.05321934074163437,-0.9712115526199341,-0.0403532690869854,-0.9991854751115996
5875,-0.0305646900087595,-0.9701328277587891,-0.0296843894820188,-0.9995593214117308
5876,-0.008370231837034225,-0.9700207114219666,-0.0262895773546867,-0.9996543693309764
5877,0.010907109826803207,-0.9651110172271729,-0.0232654364495654,-0.9997293231004136
5878,0.030521009117364883,-0.9606053829193115,-0.018930022374326,-0.9998208110721178
5879,0.054733436554670334,-0.9580238461494446,-0.0176396204944146,-0.9998444097902498
5880,0.020356234163045883,-0.9827643632888794,-0.0031799692475155,-0.9999949438850104
5881,0.030072461813688278,-0.969025194644928,-0.00130710413496,-0.9999991457390252
5882,0.017034482210874557,-0.9591608047485352,0.0047668899280452,-0.999988638315663
5883,-0.008919782936573029,-0.9619855880737305,0.0165180242651757,-0.99986356813036
5884,-0.0403800867497921,-0.9638702869415283,0.0385953486705989,-0.9992549219598544
5885,-0.0622282437980175,-0.9700652956962585,0.0521176387363665,-0.9986409523610305
5886,-0.0728536918759346,-0.9761955142021179,0.0623783802983116,-0.9980525725989384
5887,-0.07687251269817352,-0.9801504611968994,0.081032880247378,-0.9967114288091684
5888,-0.07329865545034409,-0.977843165397644,0.0865518916903432,-0.9962473438081644
5889,-0.06683731079101562,-0.9755358695983887,0.0918109817500856,-0.9957764526388868
5890,-0.0598670169711113,-0.9748408794403076,0.090213320579238,-0.995922465250216
5891,-0.05037824437022209,-0.9738648533821106,0.075761173465136,-0.9971259923375708
5892,-0.03510395437479019,-0.9760297536849976,0.0642428408339587,-0.9979342951324915
5893,-0.044144004583358765,-0.9769855737686157,0.063508634147494,-0.997981289097506
5894,-0.046870578080415726,-0.9754810929298401,0.0805567288515262,-0.9967500255514126
5895,-0.05179625749588013,-0.974373996257782,0.1099594198803072,-0.9939360774112116
5896,-0.05363823100924492,-0.9729801416397095,0.1071409031940931,-0.9942438467814392
5897,0.028079863637685776,-0.97272789478302,0.1034551989729386,-0.9946341145393464
5898,0.0331537239253521,-0.9748283624649048,0.1159183382680929,-0.9932587471818024
5899,0.0338640920817852,-0.9779494404792786,0.1162982738597593,-0.9932143331110564
5900,0.03427453711628914,-0.9739747047424316,0.1116848917554025,-0.9937436716546092
5901,0.032081227749586105,-0.9728845357894897,0.1104577983548301,-0.9938808151798704
5902,0.03487421199679375,-0.9711712598800659,0.1192867881889642,-0.99285984014037
5903,0.040686871856451035,-0.9697682857513428,0.1182482698411788,-0.9929840616442782
5904,0.04493662342429161,-0.9700630307197571,0.1288599280805438,-0.9916628050577864
5905,0.04860497638583183,-0.9696958065032959,0.1344732954066986,-0.990917217946314
5906,0.04825476184487343,-0.972923755645752,0.1479957544570484,-0.9889879962176936
5907,0.04504985734820366,-0.975604236125946,0.1310864913894834,-0.9913709355106164
5908,0.041407715529203415,-0.977160632610321,0.1427128905545185,-0.9897641289062632
5909,0.036708343774080276,-0.9790220260620117,0.1491878809709586,-0.9888088673608236
5910,0.030710961669683456,-0.9795432686805725,0.1403843226080595,-0.9900970871413955
5911,0.03255694732069969,-0.9758795499801636,0.1459903376998225,-0.9892860159217312
5912,0.050905611366033554,-0.9717059135437012,0.1457171877811581,-0.9893262865127715
5913,0.08437247574329376,-0.9702741503715515,0.1680522565235406,-0.9857780881503432
5914,0.05682188645005226,-0.9889822602272034,0.1606582862713698,-0.9870100886274398
5915,0.08529026806354523,-0.9743397831916809,0.2006291492660044,-0.9796672621175004
5916,0.11803737282752991,-0.9686601161956787,0.222665118224548,-0.9748949918458132
5917,0.15226520597934723,-0.9716610908508301,0.2331131699049134,-0.972449613099251
5918,0.1698729544878006,-0.9758198261260986,0.2303339286455347,-0.9731116489461596
5919,0.16840378940105438,-0.9774219989776611,0.2385140113021267,-0.9711390561668132
5920,0.15748393535614014,-0.9778560400009155,0.2336491893540352,-0.9723209636299128
5921,0.13408318161964417,-0.980972409248352,0.2411490374339308,-0.9704880945919372
5922,0.11595843732357025,-0.9818167090415955,0.2217278733781606,-0.975108583782954
5923,0.1632922738790512,-0.9767062067985535,0.2292126506281421,-0.9733763716014588
5924,0.18486203253269196,-0.9569152593612671,0.2253358176106075,-0.974281155160952
5925,0.19506041705608368,-0.9617055654525757,0.234349556868225,-0.9721523981329608
5926,0.19005922973155975,-0.9532756805419922,0.2505134980094273,-0.9681131066745664
5927,0.18888360261917114,-0.949614942073822,0.2463333974800893,-0.9691851511893464
5928,0.1928379088640213,-0.9502810835838318,0.2617834916839283,-0.9651266256205818
5929,0.1948406845331192,-0.9510325193405151,0.250858136887916,-0.9680238608407976
5930,0.1974058896303177,-0.9503908157348633,0.2454752468723309,-0.9694028590699372
5931,0.2064243108034134,-0.9486327171325684,0.243024716439137,-0.9700200962865032
5932,0.21582068502902985,-0.9459903240203857,0.225922955790341,-0.97414517298345
5933,0.22104255855083466,-0.9442875385284424,0.22260883443191,-0.974907845302758
5934,0.2258596271276474,-0.9421851634979248,0.216691294021123,-0.9762401769520916
5935,0.2291479855775833,-0.9413412809371948,0.2085747311920023,-0.9780064322427456
5936,0.2287236601114273,-0.9437816143035889,0.206640781658942,-0.9784168781022644
5937,0.1584208458662033,-0.9712858200073242,0.2073623074943102,-0.9782642145303256
5938,0.2183830887079239,-0.9504687190055847,0.2205274580451164,-0.9753807668024624
5939,0.18261106312274933,-0.9608117341995239,0.2614712566453419,-0.965211262858192
5940,0.27875274419784546,-0.9574905633926392,0.2918674568784958,-0.9564587746553844
5941,0.31873947381973267,-0.9332610368728638,0.289946265234761,-0.9570429265588946
5942,0.27527177333831787,-0.9644126892089844,0.2980877229434409,-0.9545384798060236
5943,0.2805115282535553,-0.9307488203048706,0.2774682998528114,-0.9607347930499812
5944,0.29376721382141113,-0.9146262407302856,0.2763356875967465,-0.9610611779488512
5945,0.29487907886505127,-0.9291641116142273,0.2839384797716822,-0.958842499947174
5946,0.28355491161346436,-0.9278889298439026,0.2960694121891286,-0.9551664269466258
5947,0.23452754318714142,-0.9472939968109131,0.3013634131180857,-0.9535093566577194
5948,0.20699168741703033,-0.9570097923278809,0.3077928374612606,-0.9514533983372732
5949,0.1970607489347458,-0.9552972316741943,0.3037120641891364,-0.9527638647986046
5950,0.18907134234905243,-0.9561700224876404,0.3142538474846002,-0.9493389907409922
5951,0.18238575756549835,-0.9549694061279297,0.3058938331380036,-0.952065629485772
5952,0.23364083468914032,-0.9557321071624756,0.3008713995262515,-0.9536647214546184
5953,0.2348337322473526,-0.9435665011405945,0.3103606061634124,-0.9506189005810264
5954,0.20114664733409882,-0.9584648609161377,0.315921835823657,-0.948785219978584
5955,0.14603647589683533,-0.9540421366691589,0.3084286900823957,-0.9512474668213616
5956,0.10261179506778717,-0.959642231464386,0.2942022199081493,-0.9557431944832864
5957,0.0858878642320633,-0.9653225541114807,0.269693851724079,-0.9629461180887696
5958,0.0829474925994873,-0.9687058329582214,0.2613416130833634,-0.9652463733529308
5959,0.08899976313114166,-0.9698359966278076,0.2605964416461244,-0.965447820755414
5960,0.10295902192592621,-0.9686435461044312,0.2814296932005844,-0.9595818504875052
5961,0.11739738285541534,-0.9696208238601685,0.2609137508124419,-0.9653621158078366
5962,0.12883789837360382,-0.9711469411849976,0.2630344582115954,-0.9647864394742148
5963,0.13560408353805542,-0.9710493087768555,0.2587333562597483,-0.9659487824717032
5964,0.13744936883449554,-0.9730283617973328,0.2590099888719132,-0.9658746428313416
5965,0.13920654356479645,-0.9747418761253357,0.2712874161802297,-0.9624983832829304
5966,0.14120057225227356,-0.974873423576355,0.2577391293070252,-0.9662145420267988
5967,0.07116805016994476,-0.9963351488113403,0.2616133817704381,-0.9651727505885332
5968,0.14005066454410553,-0.974614679813385,0.2858537641973987,-0.9582732519976638
5969,0.17509496212005615,-0.9642133116722107,0.2746718583586452,-0.9615380232865512
5970,0.14906366169452667,-0.991936445236206,0.2523617168078462,-0.9676329696169907
5971,0.16412533819675446,-0.9652296304702759,0.2387156511386216,-0.9710895107565852
5972,0.18586881458759308,-0.9516879916191101,0.2516167816529837,-0.9678269448566694
5973,0.2116355150938034,-0.9591223001480103,0.2505471215367651,-0.9681044054695968
5974,0.21790964901447296,-0.9607601165771484,0.254207664830642,-0.967149659122802
5975,0.20349183678627014,-0.9613730311393738,0.2507961963290813,-0.9680399102861744
5976,0.18153516948223114,-0.9651263356208801,0.2512911197079901,-0.9679115523413824
5977,0.16402114927768707,-0.9690597653388977,0.2353318100081007,-0.97191508847137
5978,0.15906275808811188,-0.9699527025222778,0.2075461335618398,-0.9782252309379118
5979,0.12031902372837067,-0.9792752265930176,0.2147390609727107,-0.9766714573962724
5980,0.11691553890705109,-0.9750845432281494,0.2361951912750295,-0.9717056301259924
5981,0.10020451247692108,-0.9731196165084839,0.2180878712678765,-0.9759291369796508
5982,0.13937973976135254,-0.9650420546531677,0.2090897146678573,-0.977896462423356
5983,0.1342136114835739,-0.9500871896743774,0.2166146115215426,-0.9762571946343706
5984,0.11504058539867401,-0.9625227451324463,0.2286001663126776,-0.9735203973013694
5985,0.09247609972953796,-0.9593695402145386,0.2322798894689215,-0.9726489875326584
5986,0.07736586034297943,-0.9618387818336487,0.2251262296102812,-0.9743296058015782
5987,0.0750516802072525,-0.9666007161140442,0.2295713498291824,-0.973291834619816
5988,0.08103470504283905,-0.9694403409957886,0.2309628362825589,-0.9729625728959548
5989,0.089922234416008,-0.9697306156158447,0.2167440644765819,-0.9762284622536732
5990,0.09941084682941437,-0.9690712690353394,0.2084043574173119,-0.9780427515244297
5991,0.10700799524784088,-0.9697889089584351,0.2185751758059744,-0.9758201127878988
5992,0.11273898184299469,-0.970341145992279,0.2177744428640592,-0.9759991250176656
5993,0.11390231549739838,-0.973733127117157,0.2093304551921822,-0.9778449573061334
5994,0.10969313979148865,-0.9774674773216248,0.2219365728085462,-0.9750611045724248
5995,0.03030603751540184,-0.994412899017334,0.2226150679458423,-0.9749064219315964
5996,-0.03074747323989868,-0.9762085676193237,0.2343919850759407,-0.9721421693004372
5997,0.05380595847964287,-0.9794484972953796,0.2497210029805611,-0.9683178303999068
5998,0.09238551557064056,-0.9847536087036133,0.254690667955279,-0.9670225766012364
5999,0.11305449903011322,-0.9932452440261841,0.2683025042007048,-0.963334711426735
6000,0.12099723517894745,-0.9835232496261597,0.2654429607329956,-0.9641265656527164
6001,0.07115858793258667,-0.985369086265564,0.2651414062464607,-0.9642095387900128
6002,0.08358748257160187,-0.9665669798851013,0.2808900827025166,-0.9597399446930264
6003,0.11324572563171387,-0.9676016569137573,0.2942065264534875,-0.9557418688077725
6004,0.15217657387256622,-0.9723138809204102,0.306210933860666,-0.9519636883748134
6005,0.1751869171857834,-0.9736282825469971,0.2976657913757085,-0.954670140228903
6006,0.17980188131332397,-0.971152663230896,0.2811722652138684,-0.959657312416522
6007,0.17255385220050812,-0.9706246852874756,0.3025934618582503,-0.953119718000126
6008,0.15942762792110443,-0.9726884961128235,0.3006945028482812,-0.9537205124966248
6009,0.14295053482055664,-0.9734375476837158,0.3019064884901787,-0.9533375436892904
6010,0.1936878114938736,-0.9664298295974731,0.2978878463239603,-0.9546008752418323
6011,0.18750520050525665,-0.9499890804290771,0.2908235797751563,-0.9567766957063508
6012,0.17641864717006683,-0.9618122577667236,0.3059366615755612,-0.9520518678643516
6013,0.16887740790843964,-0.9556021094322205,0.3038992548522234,-0.9527041738652472
6014,0.1535326987504959,-0.956965446472168,0.2978282619959155,-0.954619466780608
6015,0.14897729456424713,-0.9609004259109497,0.2814118981811694,-0.9595870692970342
6016,0.14927729964256287,-0.9644980430603027,0.2630008487174359,-0.9647956019665036
6017,0.15136148035526276,-0.9646059274673462,0.2534216061231354,-0.9673559270247796
6018,0.15448987483978271,-0.9627557992935181,0.2490254216924879,-0.968496948550112
6019,0.16012276709079742,-0.9625476598739624,0.2294101485489938,-0.9733298432405784
6020,0.16926532983779907,-0.9642276763916016,0.2150048320784181,-0.976612984852716
6021,0.18047545850276947,-0.9652343392372131,0.2400512878569975,-0.970760206847292
6022,0.173771932721138,-0.9696312546730042,0.2213881883117893,-0.975185761830034
6023,0.1743110567331314,-0.9712092876434326,0.2250074510660563,-0.9743570428568556
6024,0.17250989377498627,-0.9723129272460938,0.2251300582076767,-0.9743287211672496
6025,0.16803373396396637,-0.9742466807365417,0.2261729769011917,-0.9740871544783112
6026,0.16164301335811615,-0.975517988204956,0.2271649355213072,-0.9738562994967996
6027,0.16035278141498566,-0.9750598669052124,0.2333107882153519,-0.9724022193014222
6028,0.10229620337486267,-0.9976230263710022,0.21477147262334,-0.9766643305390044
6029,0.108120396733284,-0.9691356420516968,0.2116950155835867,-0.9773357766791642
6030,0.13077785074710846,-0.9548251628875732,0.2132094754816041,-0.977006509479266
6031,0.16210952401161194,-0.9612480401992798,0.2082496558695203,-0.9780757030159916
6032,0.17663957178592682,-0.9648058414459229,0.2058014949565893,-0.9785937587546902
6033,0.17048028111457825,-0.9630528092384338,0.2119544489707609,-0.9772795462719462
6034,0.14810696244239807,-0.9644516110420227,0.2153259851110639,-0.9765422264991668
6035,0.1208363026380539,-0.9709558486938477,0.2149891777892902,-0.9766164310687616
6036,0.08007216453552246,-0.9815260171890259,0.2202034551572358,-0.9754539652576204
6037,0.07321003079414368,-0.9867515563964844,0.2260168221604854,-0.9741233988055494
6038,0.04669446870684624,-0.9873442649841309,0.1927433616255984,-0.9812492020629948
6039,0.05983036383986473,-0.9843491911888123,0.1661030343568342,-0.9861084027516712
6040,0.03668251261115074,-0.9846842288970947,0.1387439286138534,-0.9903282901506923
6041,0.051598016172647476,-0.9808660745620728,0.127792334331405,-0.9918009474113898
6042,0.04038110747933388,-0.9804003238677979,0.1247755747322369,-0.9921849907906488
6043,0.0216621495783329,-0.9802895784378052,0.1170611520209045,-0.9931247085273524
6044,-0.008467059582471848,-0.9775382280349731,0.1077700810164544,-0.9941758444247712
6045,0.033490944653749466,-0.97216796875,0.0788560906260165,-0.9968860100187892
6046,0.014585155993700027,-0.9699881076812744,0.0770377890277788,-0.9970281736549432
6047,0.0008052626508288085,-0.9706599116325378,0.0625071046557834,-0.9980445189807672
6048,-0.0026534420903772116,-0.9685015082359314,0.0586777524721834,-0.9982769762770316
6049,0.003936212509870529,-0.9682315587997437,0.058076127397362,-0.998312157306784
6050,0.017885979264974594,-0.9704449772834778,0.0458321590800538,-0.9989491544588548
6051,0.035407375544309616,-0.9737837314605713,0.0347820580278238,-0.9993949211594728
6052,0.04183831438422203,-0.9753190279006958,0.0175169774761934,-0.99984656597905
6053,0.044204000383615494,-0.9763727784156799,0.0209801412820734,-0.9997798926122612
6054,0.043953340500593185,-0.9782394766807556,0.0224671401182476,-0.9997475819500176
6055,0.04043613001704216,-0.981060266494751,0.0181945282337209,-0.999834465870402
6056,-0.02407556213438511,-0.9941786527633667,-0.0002608825982853,-0.9999999659701344
6057,-0.023404885083436966,-0.9783792495727539,0.0133304807205852,-0.9999111451942908
6058,-0.023520583286881447,-0.9702604413032532,-0.0054538982418029,-0.9999851273863868
6059,-0.021150628104805946,-0.9679008722305298,-0.0096114396173333,-0.9999538090474392
6060,-0.020106308162212372,-0.9667212963104248,-0.0176896366502587,-0.9998435261355558
6061,-0.020318083465099335,-0.9685364365577698,-0.0284052762128538,-0.9995964887309636
6062,-0.021239912137389183,-0.9711620211601257,-0.0373438526382691,-0.9993024750645478
6063,-0.029452461749315262,-0.9731928110122681,-0.0459124109770526,-0.9989454692415768
6064,-0.04358244687318802,-0.9768801331520081,-0.0425946670836125,-0.999092435331204
6065,-0.048585444688797,-0.9780025482177734,-0.0380540151475206,-0.9992756836484876
6066,-0.03922208026051521,-0.9792031049728394,-0.0346420413721084,-0.9993997843553766
6067,-0.05870675668120384,-0.9771586060523987,-0.0393021895739551,-0.9992273704691504
6068,-0.03749626874923706,-0.9779677391052246,-0.0577385745452173,-0.9983317369539476
6069,-0.0502266064286232,-0.9766123294830322,-0.0791442515031486,-0.9968631738879746
6070,-0.06406140327453613,-0.9762084484100342,-0.0828128782889904,-0.9965651143751184
6071,-0.07847369462251663,-0.9759212732315063,-0.0818878158290274,-0.996641553227012
6072,-0.09091657400131226,-0.9736430644989014,-0.0878785898125249,-0.9961311928920618
6073,-0.10633474588394165,-0.9708614349365234,-0.087976148776312,-0.9961225814358834
6074,-0.12370866537094116,-0.9703195095062256,-0.1030234558825342,-0.9946789268593256
6075,-0.14256681501865387,-0.9661062955856323,-0.1182565148844633,-0.992983079758855
6076,-0.15983352065086365,-0.9615174531936646,-0.1296083718555949,-0.9915652625747544
6077,-0.1799735128879547,-0.9536769390106201,-0.1201444200618464,-0.9927564244707776
6078,-0.20424474775791168,-0.9441441893577576,-0.1476277565170778,-0.9890429947710738
6079,-0.22567497193813324,-0.9380913972854614,-0.1540438655841334,-0.988064009807005
6080,-0.23184138536453247,-0.936760663986206,-0.1624586870100398,-0.986715346498155
6081,-0.191758394241333,-0.9475085139274597,-0.1807202390486148,-0.983534541944619
6082,-0.19688662886619568,-0.9448280334472656,-0.1931946822276148,-0.981160442924077
6083,-0.20206716656684875,-0.9434410333633423,-0.2065849848805943,-0.9784286606707128
6084,-0.2101414054632187,-0.9418703317642212,-0.2217108953484682,-0.9751124442256804
6085,-0.220652773976326,-0.9396679401397705,-0.2331445625568026,-0.9724420871960432
6086,-0.23188680410385132,-0.93857741355896,-0.241767183741255,-0.970334287174179
6087,-0.24236755073070526,-0.9372224807739258,-0.2560733641152717,-0.9666573499387916
6088,-0.24563825130462646,-0.9378660917282104,-0.2574314407950545,-0.9662965659103744
6089,-0.24357901513576508,-0.9384174942970276,-0.2683517326640948,-0.9633209992397022
6090,-0.24241383373737335,-0.9389991760253906,-0.2883667291312584,-0.9575200413203576
6091,-0.2480900138616562,-0.9377530217170715,-0.2949039192896832,-0.9555269113884672
6092,-0.2581885755062103,-0.935356855392456,-0.3062615161639587,-0.9519474164663472
6093,-0.2730264663696289,-0.9322638511657715,-0.3074542724764487,-0.9515628567446176
6094,-0.3050747513771057,-0.9246330261230469,-0.3079603436109101,-0.9513991942203074
6095,-0.31178778409957886,-0.9234259724617004,-0.3114510370030042,-0.9502622014737582
6096,-0.3012874722480774,-0.9274464845657349,-0.311576370768801,-0.950221113835376
6097,-0.3276258707046509,-0.9190043807029724,-0.3105120803362359,-0.9505694335319556
6098,-0.3462613821029663,-0.9117162227630615,-0.3100327656439453,-0.950725872282419
6099,-0.3167048394680023,-0.9231612682342529,-0.3116496811990058,-0.9501970723005612
6100,-0.25998151302337646,-0.940131664276123,-0.3115792618210944,-0.9502201658579036
6101,-0.263150691986084,-0.9396602511405945,-0.3116421967635857,-0.9501995270449078
6102,-0.2680310308933258,-0.9387617707252502,-0.310420782207274,-0.9505992520372736
6103,-0.27094727754592896,-0.9383572936058044,-0.3101704689300201,-0.9506809560539916
6104,-0.27531689405441284,-0.9372847676277161,-0.3127041512252882,-0.9498505744623584
6105,-0.2819637656211853,-0.9354633092880249,-0.3124036481793213,-0.949949451604795
6106,-0.2872743308544159,-0.9339953660964966,-0.3126832011872916,-0.9498574712530652
6107,-0.2932465970516205,-0.9320995211601257,-0.3137680050972613,-0.9494996782396954
6108,-0.3274153470993042,-0.9223253726959229,-0.316407666249521,-0.9486233123524488
6109,-0.3702106475830078,-0.9080895185470581,-0.3162199628670015,-0.9486858990648024
6110,-0.3683512210845947,-0.9088069796562195,-0.3213211596341255,-0.9469702806167576
6111,-0.36577272415161133,-0.9097195267677307,-0.3142735706355413,-0.9493324616803048
6112,-0.36454033851623535,-0.9098618030548096,-0.3151003655046674,-0.9490583541905234
6113,-0.3649638593196869,-0.9092833995819092,-0.3157174991223779,-0.9488532345668172
6114,-0.36695241928100586,-0.9081354141235352,-0.3171041224086084,-0.9483907293681576
6115,-0.36959874629974365,-0.9068167209625244,-0.3169459049789653,-0.9484436163088792
6116,-0.37182140350341797,-0.9057615399360657,-0.3195649010219412,-0.94756439044259
6117,-0.37475621700286865,-0.9044791460037231,-0.3183644985237397,-0.9479683782066404
6118,-0.3794555068016052,-0.9024606943130493,-0.318654912213501,-0.9478707965341088
6119,-0.3842506408691406,-0.9002788066864014,-0.3177388875557421,-0.9481782529328752
6120,-0.3848336338996887,-0.8995866775512695,-0.3171531765927804,-0.9483743261904072
6121,-0.37988603115081787,-0.9011173248291016,-0.3202086943661444,-0.9473470283123968
6122,-0.3713492751121521,-0.903649091720581,-0.3201190585464021,-0.947377321005398
6123,-0.36164790391921997,-0.9069401025772095,-0.3162006710787335,-0.9486923292666376
6124,-0.35901010036468506,-0.9074405431747437,-0.31599034958236,-0.9487624038561066
6125,-0.36941975355148315,-0.9032762050628662,-0.3178559030532665,-0.948139032470551
6126,-0.3484487533569336,-0.9104793071746826,-0.3177398012483786,-0.9481779467497864
6127,-0.2907814681529999,-0.9296426177024841,-0.3173616356274341,-0.9483045883216424
6128,-0.29403889179229736,-0.9284985661506653,-0.3209802802504057,-0.9470858776744436
6129,-0.28934526443481445,-0.9296392202377319,-0.3214932752854728,-0.9469118617623392
6130,-0.2832386791706085,-0.9309918880462646,-0.3216057020212349,-0.946873683459113
6131,-0.2794030010700226,-0.9315726161003113,-0.3202541277146698,-0.9473316703677314
6132,-0.2815816104412079,-0.9307724237442017,-0.3204312459290206,-0.9472717754859876
6133,-0.28156495094299316,-0.9305592179298401,-0.319114779699046,-0.9477160742425071
6134,-0.28464221954345703,-0.9293593168258667,-0.3198933794307697,-0.9474535480942384
6135,-0.29148069024086,-0.9268484115600586,-0.3172078205364925,-0.9483560505371852
6136,-0.29912275075912476,-0.9237645268440247,-0.3234588984329209,-0.9462422211170676
6137,-0.30505216121673584,-0.9210204482078552,-0.3234413164490363,-0.9462482310756064
6138,-0.3133166432380676,-0.9177716970443726,-0.3178396718597076,-0.9481444736917014
6139,-0.3167647421360016,-0.9162915945053101,-0.3151578510423314,-0.9490392662721494
6140,-0.30745089054107666,-0.9187655448913574,-0.3137875096393867,-0.9494932326216504
6141,-0.2693268954753876,-0.9292210340499878,-0.3130476583354082,-0.9497374182429148
6142,-0.19792182743549347,-0.9461128115653992,-0.3149447142393003,-0.9491100183712768
6143,-0.1172913908958435,-0.9610239863395691,-0.3120956942793652,-0.95005067107617
6144,-0.0717790424823761,-0.9671927094459534,-0.3148434230831072,-0.9491436239796964
6145,-0.08047851920127869,-0.966353178024292,-0.3140112334442654,-0.9494192673791758
6146,-0.08834807574748993,-0.9656057953834534,-0.3181238825406044,-0.9480491523952184
6147,-0.09920287132263184,-0.9644984006881714,-0.3131960968716118,-0.949688477820168
6148,-0.11047038435935974,-0.9633139371871948,-0.3126974186603337,-0.9498527908908644
6149,-0.12269961833953857,-0.9615219831466675,-0.3127724975158296,-0.9498280711779952
6150,-0.14770323038101196,-0.9576613903045654,-0.3159637656352072,-0.9487712573669272
6151,-0.20523381233215332,-0.9472987055778503,-0.3134556431716515,-0.949602843173843
6152,-0.2720106542110443,-0.931175708770752,-0.318662943024912,-0.9478680967005386
6153,-0.31329208612442017,-0.9163963198661804,-0.3219046156641436,-0.946772104792975
6154,-0.3979131579399109,-0.8819977641105652,-0.3208484337931009,-0.947130552000364
6155,-0.48218241333961487,-0.8391273021697998,-0.3304281415473197,-0.9438311518876584
6156,-0.4814017415046692,-0.8395735025405884,-0.3279986744359748,-0.9446781830698978
6157,-0.47489482164382935,-0.8433065414428711,-0.328723905514719,-0.944426065895658
6158,-0.47056618332862854,-0.8457871675491333,-0.3258020453150481,-0.9454380081573468
6159,-0.4694298505783081,-0.8461933732032776,-0.3219860162609304,-0.9467444245055874
6160,-0.4712880253791809,-0.8449970483779907,-0.3193957222120029,-0.9476214289644748
6161,-0.46825897693634033,-0.84651118516922,-0.3181587571379798,-0.9480374492900668
6162,-0.4723968505859375,-0.8439949154853821,-0.3199469043355548,-0.9474354745343324
6163,-0.4699031412601471,-0.8452872037887573,-0.3190614611447543,-0.947734025986286
6164,-0.4740701913833618,-0.842764139175415,-0.3276521115451351,-0.94479844083276
6165,-0.48346859216690063,-0.8371762037277222,-0.3184187616370151,-0.9479501528232114
6166,-0.4919969439506531,-0.8322042226791382,-0.3184683607130774,-0.9479334909289392
6167,-0.501893162727356,-0.8266130685806274,-0.3122942086058092,-0.9499854352942846
6168,-0.5104835629463196,-0.8220325708389282,-0.3149982805151807,-0.9490922417091394
6169,-0.5206655263900757,-0.8159923553466797,-0.3146772643323012,-0.949198724879221
6170,-0.5318601131439209,-0.8081212043762207,-0.3153879354819409,-0.9489628286463274
6171,-0.5440632104873657,-0.7992364168167114,-0.3168148119249847,-0.9484874142259012
6172,-0.554773211479187,-0.7908438444137573,-0.3168346692900303,-0.9484807812158752
6173,-0.5600416660308838,-0.7860978841781616,-0.3145138193088837,-0.9492528943667956
6174,-0.5602770447731018,-0.7851907014846802,-0.3214048116321543,-0.946941892124168
6175,-0.5573405623435974,-0.7868139743804932,-0.3195348556818957,-0.9475745226652889
6176,-0.5526456832885742,-0.7899907827377319,-0.3149555406318989,-0.949106425763343
6177,-0.5489273071289062,-0.7925150990486145,-0.3169469090399182,-0.948443280776474
6178,-0.5480391979217529,-0.7933429479598999,-0.3166292910722115,-0.9485493619391184
6179,-0.5482186079025269,-0.7933088541030884,-0.3161704026242855,-0.9487024172544292
6180,-0.5468656420707703,-0.794424295425415,-0.3111205431337804,-0.9503704581057544
6181,-0.5468224883079529,-0.7948446273803711,-0.3106660318515753,-0.9505191300829228
6182,-0.5461645126342773,-0.7954179644584656,-0.3090185777514653,-0.9510560018234792
6183,-0.5463926196098328,-0.7953472137451172,-0.3144921346603224,-0.9492600788175988
6184,-0.5472951531410217,-0.7950220108032227,-0.3144034907627628,-0.949289442159866
6185,-0.5497784614562988,-0.7934408187866211,-0.3179888342784542,-0.9480944579915176
6186,-0.5523889064788818,-0.7917885780334473,-0.3170119495233792,-0.948421543333652
6187,-0.553010106086731,-0.7914420366287231,-0.3158328159510358,-0.9488148567388892
6188,-0.552659273147583,-0.7917062640190125,-0.3159781747599688,-0.9487664586584827
6189,-0.5518710017204285,-0.7920807003974915,-0.3164473755313275,-0.9486100666339858
6190,-0.5511927604675293,-0.7924553155899048,-0.315370839645838,-0.9489685102789656
6191,-0.5512290000915527,-0.7924200296401978,-0.3163265017148605,-0.948650380442046
6192,-0.5513293743133545,-0.792279064655304,-0.31795621034595,-0.948105399363616
6193,-0.5511656999588013,-0.7923386693000793,-0.3173740516676889,-0.948300433052751
6194,-0.5513893961906433,-0.7922070026397705,-0.3218013813024434,-0.9468071984262896
6195,-0.551544189453125,-0.7920191287994385,-0.3241506754753355,-0.9460054648832024
6196,-0.5518375635147095,-0.7917822599411011,-0.324593388204953,-0.9458536527040684
6197,-0.5522844195365906,-0.7914865016937256,-0.3251928443812342,-0.9456477219151128
6198,-0.552838921546936,-0.7911560535430908,-0.32518614817057,-0.9456500246063488
6199,-0.5531221628189087,-0.7910640239715576,-0.3246637737456719,-0.9458294952142374
6200,-0.5535368323326111,-0.7908762097358704,-0.319150046795327,-0.9477041983818266
6201,-0.5536114573478699,-0.7909888625144958,-0.3165983833961044,-0.9485596784762534
6202,-0.5537045001983643,-0.7911431789398193,-0.3168586276973538,-0.9484727777083272
6203,-0.55385422706604,-0.7910085916519165,-0.3166519705406841,-0.9485417911471806
6204,-0.5540262460708618,-0.7907129526138306,-0.3175584323527972,-0.9482387052011924
6205,-0.5539891123771667,-0.7907487154006958,-0.3159777377988849,-0.948766604184348
6206,-0.5542053580284119,-0.7905714511871338,-0.3135617615646396,-0.9495678078391664
6207,-0.5542115569114685,-0.7904828786849976,-0.3206550588371586,-0.9471960373872657
6208,-0.5543242692947388,-0.790290355682373,-0.3185271218975159,-0.947913747455793
6209,-0.5545385479927063,-0.7900376915931702,-0.3192702573266723,-0.9476637076445212
6210,-0.5545816421508789,-0.7898931503295898,-0.316061969556982,-0.9487385474406326
6211,-0.554757297039032,-0.7898454666137695,-0.3154415190954254,-0.9489450184445728
6212,-0.5549108982086182,-0.7896803617477417,-0.312034903764877,-0.9500706388645236
6213,-0.5546833276748657,-0.7896952629089355,-0.3189377083769153,-0.947775679248672
6214,-0.5545303225517273,-0.7897999286651611,-0.3196873030101604,-0.947523101720528
6215,-0.5545319318771362,-0.7897380590438843,-0.3192516575842324,-0.947669973740711
6216,-0.5546603798866272,-0.7897997498512268,-0.316345337961395,-0.9486440993070536
6217,-0.5546015501022339,-0.7898327708244324,-0.3145107510896222,-0.9492539109474564
6218,-0.55455482006073,-0.7898435592651367,-0.3115817554260297,-0.9502193481957908
6219,-0.553246796131134,-0.7899904847145081,-0.3080692265799355,-0.951363942786587
6220,-0.5508803129196167,-0.7910938262939453,-0.3088282824715296,-0.9511178118118098
6221,-0.5474862456321716,-0.7933907508850098,-0.2975815284068687,-0.954696409310851
6222,-0.5425525903701782,-0.7959899306297302,-0.2931284498457506,-0.9560730682803628
6223,-0.5357924699783325,-0.8000101447105408,-0.2950891555918076,-0.9554697223105052
6224,-0.5266211628913879,-0.8046488761901855,-0.2914668406705431,-0.9565809326918095
6225,-0.516477108001709,-0.8111281394958496,-0.299549675732193,-0.9540807050604986
6226,-0.507796585559845,-0.816807746887207,-0.2843110928164492,-0.9587320806677516
6227,-0.5007031559944153,-0.8208612203598022,-0.2955591997726011,-0.9553244262708768
6228,-0.4964514970779419,-0.8246522545814514,-0.2990733210790737,-0.9542301339921796
6229,-0.48924002051353455,-0.8308165073394775,-0.2672477028537112,-0.9636278666162652
6230,-0.33511513471603394,-0.8724590539932251,-0.2550029536755669,-0.9669402740690536
6231,-0.2661218047142029,-0.8977190852165222,-0.2649738771316141,-0.9642555908252958
6232,-0.18357375264167786,-0.9132929444313049,-0.2498896332581761,-0.9682743264127652
6233,-0.0946405827999115,-0.9365187287330627,-0.2442303354642419,-0.9697172491190532
6234,-0.0008731966954655945,-0.9621281623840332,-0.2383162816293895,-0.9711875976917856
6235,0.08661922812461853,-0.9775725603103638,-0.2413253513326494,-0.970444266717143
6236,0.15220601856708527,-0.9774084091186523,-0.2528193042375546,-0.9675135138099306
6237,0.12772350013256073,-0.9800964593887329,-0.2387578777551296,-0.9710791295305788
6238,0.155294731259346,-0.9773685336112976,-0.2350130967159868,-0.9719922038637768
6239,0.1816345900297165,-0.9605642557144165,-0.2231193575442622,-0.9747911326479308
6240,0.18365386128425598,-0.9506043195724487,-0.2004004016027625,-0.9797140802486466
6241,0.14978955686092377,-0.9317918419837952,-0.1910465061938114,-0.9815809862009032
6242,0.10188920795917511,-0.9163089394569397,-0.1782589054488264,-0.9839836190852906
6243,0.05184468254446983,-0.9219852685928345,-0.1653851220645524,-0.9862290613238353
6244,0.0035099799279123545,-0.9466217756271362,-0.159702458528502,-0.9871651962766678
6245,-0.03188645467162132,-0.969631552696228,-0.157804221816727,-0.987470418583168
6246,-0.04944108426570892,-0.9802132248878479,-0.1331211107684224,-0.9910997779576894
6247,-0.0540110319852829,-0.9806377291679382,-0.1173202620770614,-0.9930941325504696
6248,-0.052269984036684036,-0.9756916761398315,-0.1000023680792984,-0.994987199102849
6249,-0.05183896794915199,-0.9696804285049438,-0.1038556747511409,-0.9945923782243584
6250,-0.05556413158774376,-0.9663440585136414,-0.1091209610195898,-0.9940284783979588
6251,-0.06512521207332611,-0.9632934331893921,-0.1250923368169748,-0.992145103938768
6252,-0.0817025750875473,-0.9587041735649109,-0.1068902086922346,-0.9942708299481235
6253,-0.10807475447654724,-0.9549244046211243,-0.1157473338701686,-0.9932786893424964
6254,-0.1395200490951538,-0.9528502821922302,-0.1263437838503327,-0.9919865161797212
6255,-0.05459287017583847,-0.9437548518180847,-0.120908390086276,-0.9926636697324752
6256,-0.03991090506315231,-0.9465818405151367,-0.1085674003507676,-0.9940890903641766
6257,-0.01527644693851471,-0.9491780996322632,-0.0994114330172565,-0.9950464144880156
6258,0.00895221158862114,-0.9534873366355896,-0.0879129476255649,-0.996128161252248
6259,0.03047068789601326,-0.9535983800888062,-0.0934359007060904,-0.9956252972174028
6260,0.05007905140519142,-0.9560297727584839,-0.1234940490871498,-0.9923453128019806
6261,0.06763558089733124,-0.958862841129303,-0.1347527690731145,-0.9908792515877642
6262,0.00944402813911438,-0.9824468493461609,-0.1479945637908694,-0.9889881743925708
6263,-0.004307936877012253,-0.9631916284561157,-0.1573054181681522,-0.9875500014758456
6264,-0.025970134884119034,-0.9544726014137268,-0.1538181816426463,-0.9880991686041184
6265,-0.042459405958652496,-0.9592044949531555,-0.1340331268113595,-0.9909768518573832
6266,-0.05893148481845856,-0.9672322273254395,-0.1248114279714383,-0.992180481287417
6267,-0.06940968334674835,-0.9719524383544922,-0.096271098556603,-0.9953551504778104
6268,-0.07856408506631851,-0.9752727746963501,-0.093401583157872,-0.99562851720087
6269,-0.08460992574691772,-0.9735572934150696,-0.1075118205375568,-0.9942038062915974
6270,-0.08794210851192474,-0.9719001054763794,-0.1124375487046948,-0.9936587933698768
6271,-0.08992069959640503,-0.9675158262252808,-0.1136230657283967,-0.9935239297241312
6272,-0.09069459140300751,-0.9626230597496033,-0.1190930954835061,-0.9928830921151576
6273,-0.09070387482643127,-0.9605776071548462,-0.1097079427149806,-0.9939638661969792
6274,-0.09067749977111816,-0.9615187644958496,-0.1379263231752383,-0.990442491705278
6275,-0.09271775186061859,-0.9630788564682007,-0.1621943396931973,-0.986758833845174
6276,-0.09633215516805649,-0.9656206369400024,-0.1861624628253444,-0.9825189756105488
6277,-0.09974120557308197,-0.9661705493927002,-0.1968422463469475,-0.9804351738147136
6278,-0.10333310812711716,-0.9682934880256653,-0.1968524149914952,-0.980433132198222
6279,-0.10810478031635284,-0.9691020846366882,-0.1941699252675278,-0.980967909832734
6280,-0.11465921998023987,-0.970657467842102,-0.1904966836718507,-0.9816878391372824
6281,-0.12715062499046326,-0.9692398905754089,-0.1859475581133848,-0.9825596702652056
6282,-0.14173011481761932,-0.9693795442581177,-0.2157621542815246,-0.9764459497482672
6283,-0.15774831175804138,-0.9672269225120544,-0.2470195241002173,-0.9690105028911205
6284,-0.17002275586128235,-0.9620552659034729,-0.233302674813678,-0.972404165933478
6285,-0.1793505698442459,-0.9630523920059204,-0.220441473364935,-0.97540020341432
6286,-0.1847320944070816,-0.9607775211334229,-0.2102140756432418,-0.9776553801833534
6287,-0.1868976354598999,-0.9591673612594604,-0.2212416020701273,-0.9752190284820346
6288,-0.1841767132282257,-0.957389771938324,-0.2194225337240133,-0.9756299255835352
6289,-0.18138204514980316,-0.9575182199478149,-0.2486539482722486,-0.9685923879571952
6290,-0.17905768752098083,-0.957405686378479,-0.2514994335240619,-0.9678574455657588
6291,-0.18222901225090027,-0.9578555822372437,-0.2338701896101694,-0.9722678305959236
6292,-0.18723762035369873,-0.9587328433990479,-0.2334377511210991,-0.9723717480220844
6293,-0.19804634153842926,-0.9583604335784912,-0.2243109705496882,-0.974517618358466
6294,-0.21124161779880524,-0.9520744681358337,-0.1974762217088012,-0.9803076771399968
6295,-0.22197382152080536,-0.9468239545822144,-0.2140952965117762,-0.9768127783826
6296,-0.22727476060390472,-0.9414883852005005,-0.2117248305551557,-0.9773293181555492
6297,-0.2264300435781479,-0.939621090888977,-0.2135323240111775,-0.9769359992355616
6298,-0.22501231729984283,-0.9394362568855286,-0.2059807675636749,-0.9785560399864074
6299,-0.2249901443719864,-0.9377367496490479,-0.2028867035658439,-0.9792022189089368
6300,-0.22452415525913239,-0.9356791973114014,-0.2126002831581266,-0.9771392529220616
6301,-0.21875591576099396,-0.936349630355835,-0.2264342584217252,-0.974026450674212
6302,-0.2079886794090271,-0.9406507015228271,-0.2529705507408391,-0.9674739792148812
6303,-0.19440367817878723,-0.9443144798278809,-0.270641095300606,-0.9626803194905816
6304,-0.1812172681093216,-0.9532145261764526,-0.2282305698362604,-0.9736071112066796
6305,-0.178979754447937,-0.9587487578392029,-0.2046620216577083,-0.978832701175732
6306,-0.180712029337883,-0.9601424932479858,-0.2008641625832641,-0.9796191036263656
6307,-0.1878753900527954,-0.959222674369812,-0.2204825084268626,-0.9753909285398334
6308,-0.19718195497989655,-0.9597975015640259,-0.2245766317664075,-0.9744564312807708
6309,-0.2056535929441452,-0.9584511518478394,-0.2252286289303141,-0.9743059399953234
6310,-0.2117292433977127,-0.9568101167678833,-0.2382156280709338,-0.971212291181887
6311,-0.17679756879806519,-0.9253624677658081,-0.2229839008187093,-0.9748221273523042
6312,-0.150169238448143,-0.9669466018676758,-0.2368063820398254,-0.9715568626823692
6313,-0.09973061084747314,-0.9726735353469849,-0.2494881802670253,-0.9683778435647152
6314,-0.1311502754688263,-0.9813313484191895,-0.2609290743768762,-0.9653579740929408
6315,-0.18510128557682037,-0.9343893527984619,-0.2742667544993481,-0.9616536525050972
6316,-0.19400732219219208,-0.9784759879112244,-0.2895284288000103,-0.9571694149504556
6317,-0.18702326714992523,-0.9436917304992676,-0.2937582666335166,-0.955879741800438
6318,-0.18663650751113892,-0.9308782815933228,-0.267654755564814,-0.9635148840695402
6319,-0.18868069350719452,-0.9352588057518005,-0.2409118579381133,-0.970546998709906
6320,-0.19748516380786896,-0.9400550127029419,-0.2655551599239775,-0.9640956679903456
6321,-0.21008528769016266,-0.9442602396011353,-0.2607265586664912,-0.9654126897891536
6322,-0.22228370606899261,-0.9455347061157227,-0.2642220474338142,-0.9644618756850284
6323,-0.22738328576087952,-0.9480870962142944,-0.2440481785575132,-0.969763108466578
6324,-0.22917680442333221,-0.9515516757965088,-0.2073342482565303,-0.9782701618162029
6325,-0.2296186238527298,-0.9546757936477661,-0.2019992595347316,-0.9793856743629754
6326,-0.22561222314834595,-0.9557921886444092,-0.2030937445369116,-0.9791592980358076
6327,-0.22349540889263153,-0.9536179304122925,-0.2057573113121792,-0.9786030496792778
6328,-0.21919657289981842,-0.9533350467681885,-0.2140632175187113,-0.9768198088212262
6329,-0.19142501056194305,-0.9604846239089966,-0.2251617300433517,-0.9743214024765569
6330,-0.19018541276454926,-0.9631713628768921,-0.2344494511921309,-0.9721283119196296
6331,-0.191229447722435,-0.96311354637146,-0.1884338103151693,-0.9820858919311012
6332,-0.19912086427211761,-0.962955117225647,-0.1638146150628177,-0.986491141314417
6333,-0.21570420265197754,-0.9586256146430969,-0.16955010660362,-0.9855215681813876
6334,-0.23690861463546753,-0.9557448625564575,-0.1518992001470896,-0.9883959899729836
6335,-0.23487144708633423,-0.9554852843284607,-0.1615296458439601,-0.9868678602090176
6336,-0.10000865906476974,-0.973904013633728,-0.1565249520710381,-0.9876740046083824
6337,-0.07731804996728897,-0.9779840111732483,-0.166059283735079,-0.986115771238546
6338,-0.056619495153427124,-0.9777765274047852,-0.1606640856017655,-0.9870091446373476
6339,-0.03719406947493553,-0.9796148538589478,-0.1820926426921937,-0.983281378587723
6340,-0.08645766228437424,-0.979302167892456,-0.1666538653375127,-0.986015460917356
6341,-0.07655004411935806,-0.9624325037002563,-0.1753654742056221,-0.9845034029685408
6342,-0.07503014802932739,-0.9548487067222595,-0.1787058461884061,-0.9839025462605968
6343,-0.08137629926204681,-0.9558593034744263,-0.1562852438239393,-0.9877119633592032
6344,-0.09209117293357849,-0.9577022790908813,-0.1401052009161059,-0.9901366232375498
6345,-0.10484308004379272,-0.9575259685516357,-0.1185184325479164,-0.9929518523807612
6346,-0.11941921710968018,-0.9570506811141968,-0.1282151594586394,-0.991746375282005
6347,-0.1295880675315857,-0.9590407609939575,-0.134387542460883,-0.9909288513467172
6348,-0.1306188404560089,-0.960651695728302,-0.1277153781938158,-0.9918108600800912
6349,-0.12354128062725067,-0.9611494541168213,-0.1272471864343435,-0.991871036750516
6350,-0.11270330846309662,-0.9631912112236023,-0.130130450123396,-0.9914968814629131
6351,-0.09847734868526459,-0.963591456413269,-0.1230994310501495,-0.9923943420209174
6352,-0.07826480269432068,-0.9653794169425964,-0.1135031415258824,-0.9935376373664742
6353,-0.0575910285115242,-0.9688482284545898,-0.0984262722373608,-0.9951443457777656
6354,-0.05014296993613243,-0.9711360335350037,-0.0793677660121647,-0.9968454031183764
6355,-0.05509599298238754,-0.9741051197052002,-0.0194565156617794,-0.9998107040826794
6356,-0.07872482389211655,-0.9723539352416992,-0.0327669695086131,-0.999463018680142
6357,-0.017537549138069153,-0.9735926389694214,-0.0311421063102689,-0.999514966978764
6358,-0.01669095642864704,-0.9782324433326721,-0.0290542333100029,-0.999577836652438
6359,-0.012428779155015945,-0.9759965538978577,-0.0207731750024143,-0.9997842143184292
6360,-0.00925818458199501,-0.974114716053009,-0.0326250338678145,-0.9994676618906306
6361,0.0038187543395906687,-0.9717792272567749,-0.0088781154894225,-0.9999605887560552
6362,0.02628399059176445,-0.970940351486206,0.0051118174792128,-0.999986934575677
6363,0.04366087540984154,-0.9720194339752197,-0.0140533325495508,-0.9999012470460528
6364,-0.02023269608616829,-0.9930218458175659,-0.0261521272173043,-0.9996579746303282
6365,-0.03360358625650406,-0.9692336320877075,-0.0713902203716563,-0.9974484630472324
6366,-0.04548598825931549,-0.9624247550964355,-0.0809291526367558,-0.9967198564559134
6367,-0.04580344632267952,-0.9632879495620728,-0.0794625880223767,-0.9968378489527704
6368,-0.047120045870542526,-0.9679938554763794,-0.0594944779249867,-0.9982286346806694
6369,-0.05007254332304001,-0.9701656699180603,-0.0577486662380891,-0.998331153249122
6370,-0.0522395484149456,-0.9706966876983643,-0.0690127559473187,-0.9976157774998128
6371,-0.050268132239580154,-0.9707265496253967,-0.061937793909985,-0.9980800116651792
6372,-0.04496967792510986,-0.9694914817810059,-0.0682470418422434,-0.9976684525832132
6373,-0.04086483269929886,-0.9672243595123291,-0.0797108558682268,-0.9968180272530964
6374,-0.03780437633395195,-0.9651516675949097,-0.0919273586156406,-0.99576571578758
6375,-0.03537518158555031,-0.9648890495300293,-0.1133506087966769,-0.9935550510592872
6376,-0.03332778066396713,-0.9668464660644531,-0.1245105221217761,-0.9922182874151044
6377,-0.032094016671180725,-0.9698137044906616,-0.1349270890131334,-0.9908555296562874
6378,-0.038105811923742294,-0.9752040505409241,-0.127193598337099,-0.9918779100988492
6379,-0.048996955156326294,-0.9770956635475159,-0.1393215623036597,-0.9902471925116816
6380,-0.06518382579088211,-0.9780635833740234,-0.1156347505447552,-0.9932918022748664
6381,-0.08358762413263321,-0.9760032892227173,-0.1047437067100616,-0.9944992488205492
6382,-0.10419748723506927,-0.9738191366195679,-0.1340337300530708,-0.9909767702666196
6383,-0.11887994408607483,-0.9722009301185608,-0.1432884397563689,-0.9896809703294216
6384,-0.18517334759235382,-0.9362484216690063,-0.1420368633338077,-0.9898613688059016
6385,-0.110653355717659,-0.9187796115875244,-0.1350139995877305,-0.9908436909600444
6386,-0.07667705416679382,-0.9652323722839355,-0.1377942917715646,-0.9904608690681188
6387,-0.09899476170539856,-0.9622319936752319,-0.1430148589730708,-0.9897205414221292
6388,-0.07734447717666626,-0.9763267040252686,-0.161521182243799,-0.9868692454862324
6389,-0.06087930500507355,-1.0267763137817383,-0.1688008702298894,-0.9856501743568212
6390,-0.022367345169186592,-0.9826544523239136,-0.1720331925041014,-0.985091153486238
6391,-0.006109107285737991,-0.968161940574646,-0.1553914749984161,-0.9878529695748334
6392,-0.004088070243597031,-0.9648026823997498,-0.1424296158875641,-0.9898049325589972
6393,-0.013123488053679466,-0.9684396982192993,-0.1368082515245666,-0.9905975481065916
6394,-0.02847684547305107,-0.9716949462890625,-0.1009288411975312,-0.9948936470872268
6395,-0.04221908748149872,-0.9708446264266968,-0.081877004723261,-0.996642441449062
6396,-0.044827621430158615,-0.972088634967804,-0.0968115910853308,-0.9953027257229464
6397,-0.04367438703775406,-0.9753865003585815,-0.0899128470854706,-0.99594963724527
6398,-0.04513559862971306,-0.9787736535072327,-0.0823345622860366,-0.9966047460518972
6399,-0.046177349984645844,-0.97995924949646,-0.0835388364854453,-0.9965045222168628
6400,-0.033996567130088806,-0.9817115068435669,-0.100299446250923,-0.994957296109616
6401,-0.014729410409927368,-0.9809659123420715,-0.107331725456544,-0.994223265021756
6402,-0.018061960116028786,-0.9789154529571533,-0.0845263074515825,-0.996421247941151
6403,-0.05232638865709305,-0.9769405126571655,-0.0494698180435752,-0.9987756189969474
6404,-0.07759334146976471,-0.9731436967849731,-0.0357176992602923,-0.9993619194063535
6405,-0.10876399278640747,-0.9731588959693909,-0.0217467117424413,-0.9997635123009796
6406,-0.056254759430885315,-0.9751316905021667,-0.0136234292169709,-0.9999071967819664
6407,-0.04925604909658432,-0.972308337688446,-0.0235330909055668,-0.9997230584679092
6408,-0.0495419055223465,-0.9732189774513245,-0.0240396405021678,-0.9997110060835214
6409,-0.042887166142463684,-0.9764106869697571,-0.0217878022171997,-0.999762617662085
6410,-0.025708317756652832,-0.9756869077682495,-0.0157790162410445,-0.9998755035735524
6411,-0.05266180634498596,-0.9776720404624939,-0.0048864367983982,-0.9999880612964414
6412,-0.04978096857666969,-0.978879451751709,-0.0106288538268855,-0.999943512137724
6413,-0.10588979721069336,-0.976823091506958,-0.0139067524244122,-0.999903296442714
6414,-0.1036783754825592,-0.9609538316726685,-0.0311808146368145,-0.9995137601847132
6415,-0.06371784210205078,-0.9569521546363831,-0.0246306420584117,-0.9996966197160968
6416,-0.060726746916770935,-0.9607419967651367,-0.0040136492545028,-0.9999919452773915
6417,-0.05824022367596626,-0.9643658995628357,0.0168937755935254,-0.9998572899900244
6418,-0.054034799337387085,-0.9654743075370789,0.0379188467110864,-0.9992808219234977
6419,-0.048854678869247437,-0.9660603404045105,0.0521991462485396,-0.9986366952655624
6420,-0.049790386110544205,-0.9663529396057129,0.0464239978136594,-0.9989218249828148
6421,-0.06387373805046082,-0.9664567112922668,0.0390388481917423,-0.9992376936104151
6422,-0.06904199719429016,-0.9674947261810303,0.0444740357289667,-0.9990105405579957
6423,-0.06487394869327545,-0.9696471095085144,0.0676662607064522,-0.9977080119764532
6424,-0.06033998727798462,-0.9714779853820801,0.0735297166360995,-0.997293026533032
6425,-0.057711780071258545,-0.9719575643539429,0.0737719389445495,-0.9972751380759282
6426,-0.05326955020427704,-0.9740753173828125,0.069497018813752,-0.99758215921096
6427,-0.05103267729282379,-0.9770122170448303,0.0883837214072325,-0.9960865011585132
6428,-0.05724705755710602,-0.9765483736991882,0.1126720495737583,-0.9936322303774412
6429,0.01622695103287697,-0.9809912443161011,0.1375280571745734,-0.9904978715220882
6430,0.02471345290541649,-0.9783294200897217,0.1672623474938301,-0.9859124236517426
6431,0.024676065891981125,-0.9794365763664246,0.1840501670262617,-0.9829168510192534
6432,0.025235768407583237,-0.9724382162094116,0.1821430208612913,-0.9832720477830758
6433,0.032279398292303085,-0.9686897993087769,0.1771137471392898,-0.9841903883773097
6434,0.05049929395318031,-0.9693249464035034,0.1703408860928455,-0.9853851949999576
6435,0.09151379764080048,-0.9665375351905823,0.1406618156799547,-0.990057702161656
6436,0.10751323401927948,-0.966632068157196,0.14572760806413,-0.9893247516603976
6437,0.11966921389102936,-0.9665560126304626,0.1531394485455009,-0.988204588786745
6438,0.13498826324939728,-0.9650214910507202,0.1524002326769986,-0.988318860024434
6439,0.16875897347927094,-0.9603302478790283,0.1803106849964164,-0.9836097075955093
6440,0.1686752736568451,-0.9625241756439209,0.2022357825021256,-0.9793368614913628
6441,0.17130671441555023,-0.9633378982543945,0.1900729612451101,-0.9817699676622396
6442,0.18897123634815216,-0.9596508145332336,0.1820450655400491,-0.9832901881502324
6443,0.15238310396671295,-0.9861614108085632,0.190438793351992,-0.9816990709920416
6444,0.166420117020607,-0.9612716436386108,0.1967907115048636,-0.9804455190704936
6445,0.17603173851966858,-0.950554370880127,0.2195518932742127,-0.9756008231647352
6446,0.18547707796096802,-0.9555366635322571,0.2245063631867325,-0.974472622954933
6447,0.19079335033893585,-0.9530105590820312,0.2185417907346755,-0.9758275901523183
6448,0.19149194657802582,-0.9522761106491089,0.2064844139660174,-0.9784498897690728
6449,0.18646827340126038,-0.9545391798019409,0.2223541306792642,-0.974965968929105
6450,0.17328114807605743,-0.959075927734375,0.2332653390731241,-0.9724131228994704
6451,0.15714643895626068,-0.962622344493866,0.2167304900620865,-0.9762314759714766
6452,0.1438072770833969,-0.965097188949585,0.2059487363907672,-0.9785627818280472
6453,0.1354510337114334,-0.9670159220695496,0.2166557320257282,-0.97624806979599
6454,0.13493961095809937,-0.9662984609603882,0.2147522066835832,-0.9766685669788556
6455,0.13640521466732025,-0.9605988264083862,0.2021082002060786,-0.9793631989254342
6456,0.1961827129125595,-0.9549400210380554,0.2002342464477218,-0.9797480525877624
6457,0.20645089447498322,-0.9451430439949036,0.207944438729856,-0.9781406393772448
6458,0.1957206279039383,-0.9578441381454468,0.2236337034774916,-0.9746732614927636
6459,0.18374596536159515,-0.950072169303894,0.2181720848539679,-0.9759103142146172
6460,0.1727433055639267,-0.9486338496208191,0.2078691484176335,-0.9781566424331676
6461,0.1685446947813034,-0.949088454246521,0.2081797969255874,-0.978090574615675
6462,0.16786418855190277,-0.9483844041824341,0.2187199115074447,-0.9757876819832147
6463,0.16414865851402283,-0.9498705863952637,0.2554341824480197,-0.9668264469061196
6464,0.17653517425060272,-0.9464306235313416,0.2492059259350804,-0.9684505183430072
6465,0.19068291783332825,-0.9439997673034668,0.2673918296430869,-0.963587883610064
6466,0.2013351172208786,-0.9417376518249512,0.2800187268955914,-0.959994537790592
6467,0.2068050652742386,-0.9419938325881958,0.3259188801460317,-0.9453977382902692
6468,0.2108791321516037,-0.9424642324447632,0.3146790224047993,-0.949198142043251
6469,0.21445254981517792,-0.9443228840827942,0.3281562772073559,-0.9446234475860786
6470,0.22053761780261993,-0.944050669670105,0.3356736639376859,-0.9419783391026832
6471,0.22769905626773834,-0.9423524737358093,0.3441029430996958,-0.9389319275379484
6472,0.238607719540596,-0.9403543472290039,0.3561987439748849,-0.9344102176189611
6473,0.2524445056915283,-0.940201997756958,0.3560171385383066,-0.9344794257055616
6474,0.26922184228897095,-0.9375590085983276,0.3325471718858703,-0.9430866229942556
6475,0.2794777750968933,-0.9355932474136353,0.3162339254225498,-0.9486812448930596
6476,0.23845221102237701,-0.9583241939544678,0.2870491349570883,-0.9579158596246266
6477,0.251298725605011,-0.9378716349601746,0.2772403284534853,-0.9608006038086172
6478,0.26828891038894653,-0.9304198622703552,0.2997004860771822,-0.9540333425227342
6479,0.27519986033439636,-0.9352946281433105,0.3247336353965937,-0.945805511742299
6480,0.3302152752876282,-0.9386618733406067,0.3231296371932093,-0.946354710226237
6481,0.3481866419315338,-0.9133334755897522,0.3252279022581033,-0.9456356653557404
6482,0.34775489568710327,-0.9228572845458984,0.3373632565663963,-0.941374544545855
6483,0.3231043219566345,-0.9141013622283936,0.339456287641505,-0.9406218309079626
6484,0.30688634514808655,-0.9111468195915222,0.338655245879617,-0.9409105294544302
6485,0.2959531545639038,-0.9154834151268005,0.3426134406094282,-0.9394764660776608
6486,0.30928781628608704,-0.9147939682006836,0.3435047278620232,-0.9391509473649255
6487,0.31074196100234985,-0.9124366044998169,0.3285661115131274,-0.9444809740620206
6488,0.3196178674697876,-0.909220278263092,0.3242226360518617,-0.9459808043885364
6489,0.30364182591438293,-0.9146257042884827,0.3121026406224222,-0.9500483891447378
6490,0.2962665855884552,-0.9167341589927673,0.3147564219474319,-0.9491724789746332
6491,0.3002525568008423,-0.9159822463989258,0.3409404333425447,-0.940084900906401
6492,0.3088233470916748,-0.9140121936798096,0.3344764921741981,-0.9424040938911734
6493,0.3133607804775238,-0.9146081209182739,0.3218461274860108,-0.9467919888878752
6494,0.3156662583351135,-0.9140292406082153,0.306795185562831,-0.951775558687797
6495,0.3174819350242615,-0.9143683910369873,0.3182694316454081,-0.948000300042204
6496,0.31980693340301514,-0.9162901639938354,0.3203116521343315,-0.9473122217658628
6497,0.3242058753967285,-0.917256236076355,0.3055738777128226,-0.952168370226374
6498,0.3315964937210083,-0.9172792434692383,0.318664521618363,-0.9478675659931296
6499,0.25874999165534973,-0.9677963256835938,0.2892777759505177,-0.9572451976067168
6500,0.2559939920902252,-0.9474421739578247,0.2557569765647267,-0.9667411075042116
6501,0.26887252926826477,-0.9347590208053589,0.2447381154355316,-0.969589219645652
6502,0.28137168288230896,-0.9437144994735718,0.2399755305213367,-0.9707789371175104
6503,0.2817123532295227,-0.9457505941390991,0.2320522452760368,-0.9727033234560012
6504,0.26491087675094604,-0.950354814529419,0.2497691798387946,-0.9683054047162268
6505,0.24163825809955597,-0.9579524993896484,0.2532912714801514,-0.967390061863346
6506,0.21795664727687836,-0.9637593030929565,0.2521245136868285,-0.9676948018865144
6507,0.19423578679561615,-0.9651358127593994,0.233274786904501,-0.972410856477168
6508,0.2358011156320572,-0.961759626865387,0.224059548400087,-0.974575455657872
6509,0.22901637852191925,-0.9395254850387573,0.2169932289452029,-0.9761731089268618
6510,0.19908957183361053,-0.9535797834396362,0.2194495106955071,-0.9756238579778084
6511,0.17674754559993744,-0.9475907683372498,0.2108157297093701,-0.9775258196626346
6512,0.22029723227024078,-0.9345349669456482,0.2004212941967194,-0.9797098064388822
6513,0.20200972259044647,-0.9413240551948547,0.1888030370613254,-0.9820149760550598
6514,0.18403448164463043,-0.9495311975479126,0.1849909595873271,-0.9827402224753804
6515,0.1698615700006485,-0.9560602903366089,0.1837927626619024,-0.9829650148367975
6516,0.15738166868686676,-0.9621972441673279,0.1968651385938824,-0.98043057745381
6517,0.14925728738307953,-0.966781497001648,0.2009346854468776,-0.9796046407527704
6518,0.14437510073184967,-0.9692404270172119,0.2150734461547507,-0.976597876691896
6519,0.1401129513978958,-0.970916748046875,0.2273458131354269,-0.9738140896751246
6520,0.13303546607494354,-0.9725842475891113,0.2206773085054992,-0.9753468744558362
6521,0.12287415564060211,-0.9738651514053345,0.21078054541893,-0.977533406934463
6522,0.12380082905292511,-0.9730197787284851,0.2201622177003612,-0.9754632734743316
6523,0.13470731675624847,-0.9727787971496582,0.2141398374551213,-0.9768030149496336
6524,0.1553790122270584,-0.9713045954704285,0.2320193282948028,-0.9727111756824984
6525,0.11058087646961212,-0.9935340881347656,0.2264786456503288,-0.9740161308029722
6526,0.11390054225921631,-0.9698483347892761,0.2358188984979274,-0.9717970195011014
6527,0.12278352677822113,-0.960404634475708,0.2453403709256802,-0.9694370027980412
6528,0.1619240790605545,-0.9626579284667969,0.2338531414792294,-0.9722719312107572
6529,0.1850297749042511,-0.9684326648712158,0.2327474206673906,-0.9725372168573688
6530,0.19589222967624664,-0.9682070016860962,0.276470459973957,-0.9610224163679996
6531,0.19573278725147247,-0.9682154655456543,0.2420257429048571,-0.9702698283319708
6532,0.18661583960056305,-0.9669035077095032,0.2465823719801777,-0.9691218364213188
6533,0.23830287158489227,-0.9638243913650513,0.2292042013653736,-0.9733783612123608
6534,0.24834643304347992,-0.943217396736145,0.2247786575627954,-0.9744098496547884
6535,0.23873718082904816,-0.9534265995025635,0.2217700766912309,-0.9750989863005528
6536,0.22532133758068085,-0.9477881789207458,0.2103143946858748,-0.977633804339802
6537,0.2170163244009018,-0.9471848011016846,0.2140137041395525,-0.976830658016254
6538,0.21491141617298126,-0.9496433138847351,0.1988319707530934,-0.9800335950397012
6539,0.2137935906648636,-0.9513037204742432,0.1863481885620634,-0.9824837671023566
6540,0.21328623592853546,-0.9539947509765625,0.1761955680243709,-0.9843551807191188
6541,0.2194521576166153,-0.9534817337989807,0.1587228473588206,-0.9873231779545684
6542,0.22870148718357086,-0.9503600001335144,0.1465653004873131,-0.9892009971148752
6543,0.22851093113422394,-0.950615406036377,0.1431356481780829,-0.9897030798278036
6544,0.2291470319032669,-0.9494991302490234,0.1457898105882729,-0.9893155872261568
6545,0.15590551495552063,-0.9704192876815796,0.1538178921259231,-0.988099213673373
6546,0.21537266671657562,-0.9532188177108765,0.1568163683333884,-0.9876277773648972
6547,0.16710205376148224,-0.9604753851890564,0.1471309916186749,-0.9891170159820856
6548,0.15682895481586456,-0.9625885486602783,0.1345520567115227,-0.9909065263861668
6549,0.1265396773815155,-0.9470323324203491,0.1302372768360455,-0.9914828549815328
6550,0.09413577616214752,-0.947254478931427,0.1316458786223298,-0.9912968085501712
6551,0.06281246244907379,-0.9453769326210022,0.1348550979812338,-0.9908653301778562
6552,0.03492831811308861,-0.9501290321350098,0.1324047652465292,-0.9911957314980788
6553,0.007924068719148636,-0.9567678570747375,0.1243165634097415,-0.9922426074614976
6554,-0.01956908032298088,-0.9662021398544312,0.1056511326796123,-0.99440325731743
6555,0.00216823467053473,-0.9744539260864258,0.1149451745830586,-0.9933718371486432
6556,-0.001363143092021346,-0.9774089455604553,0.1234521897371144,-0.992350521161304
6557,0.004099596291780472,-0.9811928272247314,0.1228854679192871,-0.992420859199492
6558,0.01455720141530037,-0.9850372672080994,0.1300908720755205,-0.9915020751378336
6559,0.02070159837603569,-0.9882287979125977,0.1004097325509091,-0.9949461722168969
6560,0.018850166350603104,-0.9895848631858826,0.0793238858675508,-0.996848895836712
6561,0.009947281330823898,-0.9888296127319336,0.0949886059352122,-0.9954783597559944
6562,-0.008939255028963089,-0.9865946173667908,0.1303614722707107,-0.991466533246288
6563,-0.039184071123600006,-0.9844142198562622,0.1504726742431849,-0.9886141685744264
6564,0.008152622729539871,-0.9723410606384277,0.1492985027900756,-0.9887921708147984
6565,-0.007194388657808304,-0.9660424590110779,0.1571942940838519,-0.9875676958606328
6566,-0.00958864763379097,-0.965171217918396,0.1259403703279031,-0.9920378133527324
6567,-0.0023608689662069082,-0.9639623165130615,0.1208749289007561,-0.9926677447984482
6568,0.010846007615327835,-0.9671685695648193,0.128652952387261,-0.991689678196784
6569,0.028299305588006973,-0.9695397615432739,0.1226184254557593,-0.9924538889735636
6570,0.04401348903775215,-0.9700400829315186,0.1109682904855543,-0.9938239474407496
6571,0.05840373411774635,-0.9697986245155334,0.1105468801048517,-0.993870910782222
6572,0.06112506613135338,-0.9701348543167114,0.1210968885048826,-0.9926406920907666
6573,0.057621341198682785,-0.9712782502174377,0.1315048108188614,-0.9913155323767984
6574,0.06696972250938416,-0.9719944000244141,0.1412160175076361,-0.9899788060354034
6575,0.11001619696617126,-0.9701793193817139,0.1390784586558078,-0.9902813652381453
6576,0.1213589608669281,-0.9719123840332031,0.1490797651911266,-0.988825173430854
6577,0.12667690217494965,-0.9726041555404663,0.1569944234933586,-0.9875994891614656
6578,0.12059043347835541,-0.9759953022003174,0.1666786114630024,-0.986011278069762
6579,0.10099436342716217,-0.9810183048248291,0.1741525378104542,-0.9847186875317124
6580,0.10383537411689758,-0.981917142868042,0.1720808930091164,-0.9850828220313178
6581,0.10699683427810669,-0.9831752181053162,0.2007747707311327,-0.979637428561129
6582,0.10518728196620941,-0.982853353023529,0.2011721559332935,-0.9795559012517616
6583,0.09718471765518188,-0.9836676120758057,0.1866703487634786,-0.9824226080931368
6584,0.0846451073884964,-0.9830118417739868,0.1866225925051371,-0.9824316810682876
6585,0.06939700245857239,-0.9824380874633789,0.168328789221036,-0.9857309058355532
6586,0.058514755219221115,-0.9824705123901367,0.1468609654509746,-0.9891571446574136
6587,0.054107602685689926,-0.9834413528442383,0.1313489792925289,-0.9913361920351798
6588,0.05266747996211052,-0.9842054843902588,0.1250413561330178,-0.9921515303906032
6589,0.048710864037275314,-0.9852249026298523,0.1228956670249357,-0.9924195962527624
6590,0.04014042392373085,-0.9853678941726685,0.12252780440319,-0.9924650810724444
6591,0.03013904020190239,-0.985589325428009,0.1242138623567448,-0.9922554693214948
6592,0.016883742064237595,-0.9858059883117676,0.1253808558297143,-0.9921086840620882
6593,0.005403418093919754,-0.9860881567001343,0.1219156401022096,-0.9925404660256772
6594,-0.0015993674751371145,-0.9858041405677795,0.1231433075563527,-0.9923888984687816
6595,-0.0016802584286779165,-0.985015332698822,0.1229543122554363,-0.9924123321975562
6596,0.007247556000947952,-0.9825559258460999,0.1264314762039264,-0.9919753433553156
6597,0.012806903570890427,-0.9800817966461182,0.1272730684757,-0.9918677159988524
6598,-0.0015616265591233969,-0.979588508605957,0.127486779501676,-0.9918402699287276
6599,-0.008148536086082458,-0.9788292646408081,0.1276907687587857,-0.9918140287240296
6600,-0.012347463518381119,-0.9777296781539917,0.1326295501494381,-0.9911656785962464
6601,-0.01637531816959381,-0.9768800735473633,0.132930894761986,-0.9911253085345858
6602,-0.021395813673734665,-0.9761936664581299,0.1315576071459129,-0.9913085271508773
6603,-0.02735906094312668,-0.9758343696594238,0.131063354116721,-0.9913739946194248
6604,-0.03356260433793068,-0.9753756523132324,0.1290523206341826,-0.9916377859576208
6605,-0.03657207638025284,-0.9745826721191406,0.1246144803576103,-0.9922052364733834
6606,-0.03452103212475777,-0.974869966506958,0.1300005599364502,-0.9915139204349122
6607,-0.02931990660727024,-0.9754616618156433,0.1284622703199332,-0.991714396943116
6608,-0.029716474935412407,-0.9752640128135681,0.1265551786072256,-0.9919595691194744
6609,-0.029569633305072784,-0.9751166701316833,0.1273701504838337,-0.9918552539386608
6610,-0.02724718488752842,-0.9749816656112671,0.1260051646667168,-0.9920295854848854
6611,-0.024524979293346405,-0.9746773838996887,0.1250337569990104,-0.992152488083718
6612,-0.023836933076381683,-0.9744067192077637,0.125425535691201,-0.9921030364818844
6613,-0.023470137268304825,-0.9742088317871094,0.1261616163872332,-0.9920097008349064
6614,-0.02162490040063858,-0.9740327000617981,0.123890248760366,-0.9922959267587944
6615,-0.02125972881913185,-0.9741550087928772,0.1299672418177786,-0.991518288310548
6616,-0.022924719378352165,-0.9744880199432373,0.1299092972975719,-0.9915258818990308
6617,-0.026678096503019333,-0.9748326539993286,0.1365784853119895,-0.9906292532274033
6618,-0.028572889044880867,-0.9747133255004883,0.1362696655494865,-0.9906717812933964
6619,-0.030136961489915848,-0.9748809337615967,0.1366133687759866,-0.9906244432032132
6620,-0.02908143773674965,-0.9746285676956177,0.1329608725843051,-0.9911212874122016
6621,-0.027477847412228584,-0.973698616027832,0.1317291133560575,-0.9912857512818526
6622,-0.004300463944673538,-0.9710646867752075,0.1338088220967896,-0.9910071640150084
6623,0.038714449852705,-0.9683501720428467,0.1336736825634673,-0.99102540158662
6624,0.06635396182537079,-0.9663551449775696,0.1360046407486513,-0.9907082000744872
6625,0.07650306820869446,-0.9653271436691284,0.135511869314658,-0.9907757229942844
6626,0.08636455237865448,-0.9641613960266113,0.1368405681125639,-0.9905930844290356
6627,0.09555856883525848,-0.9629493355751038,0.1338634144946813,-0.9909997912511512
6628,0.10415709018707275,-0.961616039276123,0.1334217582616543,-0.9910593495963644
6629,0.1152668446302414,-0.9600483179092407,0.1285244808881906,-0.99170633647891
6630,0.12789791822433472,-0.9579678773880005,0.1258203665034985,-0.9920530406046468
6631,0.13106215000152588,-0.9572938680648804,0.1265710562937561,-0.9919575432994512
6632,0.10541777312755585,-0.9594922661781311,0.1251057371392946,-0.99214341429797
6633,0.10756975412368774,-0.9587653875350952,0.1256926850635552,-0.9920692258716192
6634,0.10605587065219879,-0.9582254886627197,0.1267384267288915,-0.99193617294173
6635,0.10042686760425568,-0.9580843448638916,0.1270952957966811,-0.9918905109871524
6636,0.09307928383350372,-0.9581151008605957,0.127897085290659,-0.9917874447552528
6637,0.08609278500080109,-0.9581722617149353,0.1282419599239728,-0.9917429100905426
6638,0.08192048966884613,-0.9575926065444946,0.1261882811803519,-0.9920063093008776
6639,0.07856766879558563,-0.9567843675613403,0.1254927401252167,-0.9920945379226038
6640,0.07610814273357391,-0.9557403326034546,0.1238741882683197,-0.9922979318132558
6641,0.07489435374736786,-0.9550902843475342,0.1182175836643674,-0.9929877153885432
6642,0.07761490345001221,-0.9548255205154419,0.1172198666470791,-0.9931059877290244
6643,0.0801604837179184,-0.9550018906593323,0.1180796158057193,-0.993004131074576
6644,0.08661757409572601,-0.955584704875946,0.1163213171179154,-0.9932116346398452
6645,0.09543237090110779,-0.9542148113250732,0.1145184406052402,-0.9934211225665296
6646,0.09605030715465546,-0.9555819034576416,0.1148575827437709,-0.9933819686738116
6647,0.09200237691402435,-0.9562475681304932,0.110112691686194,-0.9939191089468102
6648,0.0862782895565033,-0.9567588567733765,0.1109970262677346,-0.993820738443166
6649,0.08431756496429443,-0.956929624080658,0.110454252663998,-0.9938812092339998
6650,0.08526808023452759,-0.9565145969390869,0.1119746029062468,-0.993711068824328
6651,0.0871766060590744,-0.95618736743927,0.1172108671673808,-0.993107049928592
6652,0.09062230587005615,-0.9556384086608887,0.1179100639967522,-0.9930242780558196
6653,0.09516261518001556,-0.9549236297607422,0.1173736383676617,-0.9930878254295225
6654,0.10173729062080383,-0.9540784955024719,0.1169420833772482,-0.9931387360965176
6655,0.10933858156204224,-0.9531797766685486,0.118093421605852,-0.9930024893087744
6656,0.11586187779903412,-0.9520362615585327,0.1155159134884544,-0.9933056295677216
6657,0.12145884335041046,-0.9509483575820923,0.1170625701718095,-0.9931245413666758
6658,0.12597647309303284,-0.9503507018089294,0.1172771631353573,-0.9930992231428452
6659,0.12964241206645966,-0.9497305750846863,0.1203608399408374,-0.9927302091750488
6660,0.13382549583911896,-0.9488552212715149,0.1253096939575832,-0.9921176747746492
6661,0.14121806621551514,-0.9477126598358154,0.1264155246334775,-0.9919773763204696
6662,0.1515836864709854,-0.9462970495223999,0.125957322308595,-0.9920356611316192
6663,0.15471072494983673,-0.9462740421295166,0.1236677963499857,-0.9923236750909143
6664,0.15077467262744904,-0.9467267990112305,0.1242510554610341,-0.9922508126561644
6665,0.14752145111560822,-0.9469693303108215,0.1215822109340602,-0.99258136491896
6666,0.14582259953022003,-0.9469733238220215,0.1226967527965581,-0.992444208433492
6667,0.14440083503723145,-0.9470776319503784,0.1224149522394037,-0.9924790070667612
6668,0.14360620081424713,-0.9470294713973999,0.1216335385412908,-0.992575076405772
6669,0.14220605790615082,-0.9470002055168152,0.1208878981729203,-0.9926661654732338
6670,0.14088094234466553,-0.9471349716186523,0.1218982689104113,-0.9925425996080194
6671,0.13838757574558258,-0.9472954869270325,0.1232228715263411,-0.9923790223159712
6672,0.13393743336200714,-0.9477531909942627,0.123915858996497,-0.992292728930914
6673,0.13090479373931885,-0.9479563236236572,0.1234184427852538,-0.9923547188281332
6674,0.13002236187458038,-0.9480912685394287,0.1215555576724646,-0.992584629338444
6675,0.13033969700336456,-0.9478306770324707,0.1209936391476862,-0.99265328251399
6676,0.1304822862148285,-0.9477773308753967,0.1208212402487132,-0.9926742808720104
6677,0.13055400550365448,-0.9476631283760071,0.1234137275727263,-0.9923553052443488
6678,0.13071337342262268,-0.9473015069961548,0.1269015178482448,-0.9919153213696276
6679,0.13009171187877655,-0.9474296569824219,0.1267541923880138,-0.9919341584561258
6680,0.12990786135196686,-0.9474065899848938,0.1221528082710058,-0.992511305442667
6681,0.129828080534935,-0.9473904371261597,0.1267117555514795,-0.9919395803198208
6682,0.12961824238300323,-0.9474619626998901,0.1268362255780375,-0.9919236724068629
6683,0.12762196362018585,-0.9476553201675415,0.1258803685145783,-0.992045428809908
6684,0.12868720293045044,-0.947445809841156,0.1271367204379671,-0.991885202186361
6685,0.13065890967845917,-0.947270393371582,0.1273053448657316,-0.9918635738692178
6686,0.13278703391551971,-0.9471265077590942,0.1266988671833658,-0.9919412266129742
6687,0.1340639293193817,-0.9470489025115967,0.1252779366935488,-0.9921216853681848
6688,0.13504768908023834,-0.9470360279083252,0.1259052436943212,-0.9920422720883793
6689,0.1356462985277176,-0.9469873905181885,0.1259409145119167,-0.9920377442677784
6690,0.13614697754383087,-0.9469473958015442,0.1216735616373958,-0.9925701710198986
6691,0.13645963370800018,-0.9469758868217468,0.1237751665903365,-0.992310288234247
6692,0.13690795004367828,-0.946814775466919,0.1211639279063924,-0.9926325113425888
6693,0.13765257596969604,-0.9468804597854614,0.123637609045412,-0.9923274367009782
6694,0.13870255649089813,-0.9469471573829651,0.1254978989273861,-0.99209388535804
6695,0.13943392038345337,-0.9468299150466919,0.1268958058723088,-0.99191605211934
6696,0.13980676233768463,-0.9466529488563538,0.1318587666220403,-0.9912685134033636
6697,0.13997355103492737,-0.9465299844741821,0.1289040869602036,-0.9916570659078452
6698,0.1401408463716507,-0.9464172720909119,0.1308289965667083,-0.9914049493811036
6699,0.1406337469816208,-0.9463778734207153,0.1372579481545526,-0.9905353379200572
6700,0.1412833034992218,-0.9464533925056458,0.1367826704429557,-0.9906010806911598
6701,0.1419641524553299,-0.946377158164978,0.1340258185949798,-0.9909778402920753
6702,0.142646923661232,-0.9463233351707458,0.1333356339177282,-0.9910709403104088
6703,0.1432832032442093,-0.9462543725967407,0.1334441949534281,-0.9910563287892528
6704,0.14367197453975677,-0.9461652040481567,0.1246172479123442,-0.9922048888827112
6705,0.14394067227840424,-0.9460921883583069,0.1237625549134595,-0.9923118612620192
6706,0.14376649260520935,-0.946204423904419,0.1246216291601035,-0.9922043386044436
6707,0.14348091185092926,-0.9460684061050415,0.1250830428360328,-0.992146275704787
6708,0.14303819835186005,-0.9459792971611023,0.1225006596254158,-0.9924684319369248
6709,0.1426365077495575,-0.9459348917007446,0.1227330960815694,-0.992439714605493
6710,0.14210820198059082,-0.9460517168045044,0.1226264261748988,-0.9924529004459468
6711,0.14176295697689056,-0.9461756944656372,0.1208692834965854,-0.992668432210384
6712,0.14120717346668243,-0.9462476372718811,0.1206677150723502,-0.9926929548149408
6713,0.14046283066272736,-0.9463092088699341,0.116140906784481,-0.9932327470292542
6714,0.13978271186351776,-0.946395754814148,0.1184458248097973,-0.9929605161259568
6715,0.13889797031879425,-0.9464266300201416,0.1193141671594031,-0.9928565503208698
6716,0.13791418075561523,-0.9464218616485596,0.1221060599713641,-0.992517057847506
6717,0.13717198371887207,-0.9465017318725586,0.1244344988760103,-0.9922278243878652
6718,0.13665470480918884,-0.9466335773468018,0.1244806372999779,-0.9922220371153784
6719,0.13592682778835297,-0.9467360377311707,0.1258534941417081,-0.9920488385217348
6720,0.1351478546857834,-0.9467968940734863,0.1161322534746335,-0.993233758841746
6721,0.13422317802906036,-0.9470094442367554,0.1168150574506571,-0.993153685162976
6722,0.1331537961959839,-0.9472329616546631,0.1163707698240793,-0.9932058416715798
6723,0.13209159672260284,-0.9472823739051819,0.1167702229844982,-0.9931589575813886
6724,0.13111642003059387,-0.9472949504852295,0.1165979020236191,-0.9931792029858916
6725,0.1301739364862442,-0.9472997188568115,0.1225970114651298,-0.9924565344536852
6726,0.12942419946193695,-0.9470854997634888,0.1193774209700836,-0.9928489469010536
6727,0.12884916365146637,-0.9472079277038574,0.1184996733589226,-0.9929540912921548
6728,0.12865550816059113,-0.9473122358322144,0.1200841579708301,-0.9927637155962322
6729,0.12884683907032013,-0.9474366307258606,0.1171037982724961,-0.9931196808190614
6730,0.12931370735168457,-0.9474518299102783,0.1167429919450407,-0.9931621588802708
6731,0.12970490753650665,-0.9474709630012512,0.1163294834220746,-0.9932106781981118
6732,0.13024859130382538,-0.9473531246185303,0.1186870273527392,-0.992931714438697
6733,0.13086716830730438,-0.9473375082015991,0.1207024660735129,-0.9926887300074342
6734,0.13196776807308197,-0.9472049474716187,0.1221382746524425,-0.992513094052126
6735,0.13334406912326813,-0.9471611976623535,0.116987335057747,-0.9931334066660362
6736,0.13501299917697906,-0.9472581148147583,0.1184776113094695,-0.992956723940375
6737,0.13645000755786896,-0.9474006295204163,0.1185743173508743,-0.9929451803925402
6738,0.13788281381130219,-0.9472477436065674,0.1244626059098417,-0.9922242991028448
6739,0.13886122405529022,-0.9472060203552246,0.1220979188259843,-0.9925180593915476
6740,0.13963495194911957,-0.9470190405845642,0.1231615124195739,-0.9923866392986772
6741,0.14035293459892273,-0.9468523263931274,0.1221129294805828,-0.9925162126905888
6742,0.14091967046260834,-0.9468644857406616,0.1214193698138923,-0.99260129792077
6743,0.14113996922969818,-0.9468266367912292,0.1231539503900683,-0.9923875777655224
6744,0.141301229596138,-0.9465810060501099,0.1262771868753626,-0.9919949959928452
6745,0.14136140048503876,-0.9465028047561646,0.1269276294472248,-0.991911980411018
6746,0.14151473343372345,-0.946384608745575,0.1264692485887862,-0.9919705283733926
6747,0.14163264632225037,-0.9463884830474854,0.1256824329631908,-0.9920705247332232
6748,0.14160452783107758,-0.9463981986045837,0.1254261623362093,-0.9921029572587772
6749,0.14144371449947357,-0.9463234543800354,0.124537391859418,-0.9922149152420828
6750,0.14129258692264557,-0.9461522102355957,0.1248892324983577,-0.9921706907614088
6751,0.14091099798679352,-0.9462059736251831,0.1229484911442248,-0.992413053383196
6752,0.14038066565990448,-0.9463503360748291,0.1166990682300593,-0.9931673209858628
6753,0.13990990817546844,-0.9463367462158203,0.1178861507923512,-0.9930271171782586
6754,0.1393558830022812,-0.946418046951294,0.1146676021591374,-0.9934039163477631
6755,0.1387922316789627,-0.9463182687759399,0.1219665599029959,-0.9925342101234742
6756,0.1382712572813034,-0.9461788535118103,0.117145594214654,-0.993114751554973
6757,0.13765938580036163,-0.9461289644241333,0.1166524902578362,-0.9931727928797917
6758,0.13717345893383026,-0.9461338520050049,0.1143439460669957,-0.9934412222159034
6759,0.13668428361415863,-0.9461638927459717,0.120520488270121,-0.99271084002701
6760,0.1365310102701187,-0.9461174011230469,0.1157716389850518,-0.9932758567521486
6761,0.13635513186454773,-0.9463368654251099,0.1184739366944935,-0.992957162381192
6762,0.1357286125421524,-0.9467660188674927,0.1174115510004709,-0.9930833437791936
6763,0.1338397115468979,-0.9478804469108582,0.1124230427770227,-0.9936604346821684
6764,0.1298932582139969,-0.9480042457580566,0.107534976696828,-0.994201301943833
6765,0.12604255974292755,-0.946997880935669,0.1001301965016381,-0.9949743432614448
6766,0.12349496781826019,-0.9461418390274048,0.0851222432741548,-0.9963705152702862
6767,0.12454769015312195,-0.9448025226593018,0.0833579295299143,-0.9965196714488308
6768,0.13235168159008026,-0.942052960395813,0.0763995254316492,-0.9970772851257914
6769,0.06749497354030609,-0.9772247076034546,0.0779805203422256,-0.9969548828543624
6770,0.07181122899055481,-0.9479880928993225,0.0846097414479563,-0.9964141667259202
6771,0.08124631643295288,-0.9383863806724548,0.0857997357614454,-0.996312403487614
6772,0.09504993259906769,-0.9468968510627747,0.0850177427124545,-0.9963794374755428
6773,0.09838196635246277,-0.9566850662231445,0.0849205701163496,-0.9963877241170296
6774,0.08854459226131439,-0.9624465703964233,0.0821829455477934,-0.996617260266492
6775,0.07317012548446655,-0.9669672250747681,0.0858951069788677,-0.9963041857771596
6776,0.05842677131295204,-0.9706360697746277,0.0766388111224093,-0.9970589213430386
6777,0.04625546559691429,-0.9742090106010437,0.0574857679540137,-0.9983463259223913
6778,0.035826425999403,-0.9777274131774902,0.0390888236125503,-0.9992357398875336
6779,0.028915319591760635,-0.9804775714874268,0.0247937452093162,-0.9996925878481322
6780,0.022631261497735977,-0.9805231094360352,0.0303521070799558,-0.9995392686612202
6781,0.01439264789223671,-0.9799430966377258,0.0438176329586429,-0.9990395462852818
6782,0.0007634462672285736,-0.9785968661308289,0.0398986132377328,-0.9992037333105326
6783,0.062001410871744156,-0.9725929498672485,0.0288972304284732,-0.9995823878368224
6784,0.06287252902984619,-0.9690631628036499,0.0247696493393567,-0.999693185168132
6785,0.05811797454953194,-0.9730761051177979,0.0004589372337946,-0.9999998946883022
6786,0.0566285066306591,-0.9691503047943115,-0.0228192183640844,-0.9997396077345602
6787,0.06125703826546669,-0.9682095646858215,-0.0489485473759736,-0.9988013014157432
6788,0.06980034708976746,-0.96944260597229,-0.0665031524112174,-0.9977862149375338
6789,0.07408639788627625,-0.9720081090927124,-0.0886023983614245,-0.9960670735470596
6790,0.07652534544467926,-0.9737474918365479,-0.1047989826520762,-0.9944934254358296
6791,0.08146767318248749,-0.9737855792045593,-0.1162524292493536,-0.9932197001135368
6792,0.08638826012611389,-0.9750709533691406,-0.1440333897466433,-0.9895728283648918
6793,0.023896191269159317,-0.9850789308547974,-0.1631510714285471,-0.9866010986673982
6794,0.015944436192512512,-0.9633458852767944,-0.1717052545596135,-0.9851483672811006
6795,0.00883295014500618,-0.9585918188095093,-0.1752931574063101,-0.9845162817173349
6796,0.000753376807551831,-0.9614179730415344,-0.1680856923579819,-0.985772387534028
6797,-0.014230147004127502,-0.965375542640686,-0.16467065497233,-0.986348607436024
6798,-0.03353586792945862,-0.9682362675666809,-0.1721547531595531,-0.9850699167899571
6799,-0.054853904992341995,-0.9701370000839233,-0.1764983449056226,-0.9843009368305894
6800,-0.07117970287799835,-0.9703496098518372,-0.1667380598414164,-0.9860012268756668
6801,-0.08009696006774902,-0.9694574475288391,-0.1742783262683921,-0.9846964329137624
6802,-0.08161620795726776,-0.9658768773078918,-0.1923886279351999,-0.9813188145761862
6803,-0.08003697544336319,-0.9634315967559814,-0.2071735342869579,-0.9783042096868696
6804,-0.07859654724597931,-0.962631344795227,-0.2140121516451358,-0.9768309981507648
6805,-0.08009292185306549,-0.9608970284461975,-0.1984074693417104,-0.9801196233671776
6806,-0.0859767347574234,-0.9590045213699341,-0.1934578775225555,-0.9811085819747312
6807,-0.0934581607580185,-0.9583920836448669,-0.2087795146731904,-0.9779627366381742
6808,-0.10040117800235748,-0.9610751867294312,-0.22603832659397,-0.974118409081051
6809,-0.10245725512504578,-0.9639429450035095,-0.2281589327308764,-0.9736239014193866
6810,-0.10395677387714386,-0.9670346975326538,-0.241851619071483,-0.970313245479264
6811,-0.10494905710220337,-0.9707987308502197,-0.2488365164093158,-0.968545501306612
6812,-0.10670669376850128,-0.9704782962799072,-0.2545125085725466,-0.9670694819815736
6813,-0.1142282634973526,-0.9698975682258606,-0.2620534240697166,-0.965053367919794
6814,-0.12389664351940155,-0.9707472324371338,-0.2528796290467677,-0.9674977484279584
6815,-0.13519945740699768,-0.9674350023269653,-0.2546413063868193,-0.9670355759131172
6816,-0.14781765639781952,-0.9638503789901733,-0.2600672634271527,-0.9655905024872148
6817,-0.1639416664838791,-0.9605221152305603,-0.2797240931266096,-0.9600804298205936
6818,-0.18293353915214539,-0.9561314582824707,-0.2988641122318217,-0.9542956787180192
6819,-0.19867856800556183,-0.9515197277069092,-0.3047995224542554,-0.9524165323594808
6820,-0.21079939603805542,-0.9517223834991455,-0.3015133231020319,-0.9534619635790248
6821,-0.21927262842655182,-0.9473575353622437,-0.3025739562074745,-0.9531259103733132
6822,-0.22719106078147888,-0.9468969106674194,-0.2986928880359838,-0.954349285448846
6823,-0.3089269995689392,-0.9170354604721069,-0.309723339135145,-0.950826720909218
6824,-0.3299697935581207,-0.9063305854797363,-0.3151094137625158,-0.9490553499971662
6825,-0.33787742257118225,-0.8990442752838135,-0.3248758354280144,-0.9457566767170876
6826,-0.3574603796005249,-0.8836877346038818,-0.3671348947736256,-0.9301677101682034
6827,-0.351200670003891,-0.9232028722763062,-0.3784583841351469,-0.925618307661324
6828,-0.34262192249298096,-0.9189467430114746,-0.3980979589818352,-0.9173429102873674
6829,-0.3495095372200012,-0.917156994342804,-0.3946161569294958,-0.9188460636527728
6830,-0.3541792035102844,-0.9125567674636841,-0.3619159922850295,-0.9322107135880504
6831,-0.3571380376815796,-0.9065761566162109,-0.3662773817587508,-0.93050571175676
6832,-0.36251115798950195,-0.905400812625885,-0.3667040831563852,-0.9303376351607168
6833,-0.3700661063194275,-0.9052624106407166,-0.3595058569565634,-0.933142828731983
6834,-0.37323999404907227,-0.9053239822387695,-0.3514746602588713,-0.9361973954225205
6835,-0.37438249588012695,-0.9069079756736755,-0.3597088731450621,-0.9330645886436316
6836,-0.37421855330467224,-0.9090619683265686,-0.3557648669097857,-0.9345754969357276
6837,-0.37569165229797363,-0.9105179309844971,-0.3688304090596527,-0.9294967075535496
6838,-0.3753644526004791,-0.9097960591316223,-0.3665537557848611,-0.930396874521842
6839,-0.3733598291873932,-0.9089394211769104,-0.3563396614988326,-0.9343564874516028
6840,-0.36761701107025146,-0.908089816570282,-0.3416988028418422,-0.9398095169429026
6841,-0.355544775724411,-0.9104124903678894,-0.3323599061054998,-0.9431526349502202
6842,-0.34063851833343506,-0.9134855270385742,-0.3220701740745875,-0.9467157984165918
6843,-0.32552555203437805,-0.9157729148864746,-0.3220135923435014,-0.946735045483177
6844,-0.31390559673309326,-0.9196972846984863,-0.3295409676781801,-0.9441412768339962
6845,-0.30530300736427307,-0.9246856570243835,-0.3172198527260562,-0.9483520259041256
6846,-0.30099359154701233,-0.9254997372627258,-0.3231404676155381,-0.9463510121457108
6847,-0.30396580696105957,-0.9260545969009399,-0.329347881730121,-0.944208648975364
6848,-0.308208167552948,-0.9255857467651367,-0.338169140739608,-0.9410853480165522
6849,-0.31076711416244507,-0.9242663979530334,-0.3530392984581307,-0.935608493839272
6850,-0.3876630961894989,-0.896129310131073,-0.3565398068506626,-0.934280132578496
6851,-0.3856889009475708,-0.8867437839508057,-0.3569039585420923,-0.9341410837646444
6852,-0.3825002908706665,-0.8895085453987122,-0.3438138288327303,-0.9390378326262356
6853,-0.356831431388855,-0.9382768869400024,-0.3211094073270559,-0.9470421049383532
6854,-0.38973844051361084,-0.898618221282959,-0.3390156312478539,-0.940780740539271
6855,-0.38244014978408813,-0.898669958114624,-0.3533709471624819,-0.935483283496552
6856,-0.37481650710105896,-0.899543046951294,-0.3444830796608985,-0.9387925265080368
6857,-0.3715391159057617,-0.8892177939414978,-0.3478913148502162,-0.9375348703124528
6858,-0.3801310658454895,-0.8821088671684265,-0.3813048454079717,-0.9244493576548164
6859,-0.364821195602417,-0.9275144338607788,-0.3786730541303125,-0.9255305062911872
6860,-0.3554214835166931,-0.9099326133728027,-0.3393347216878821,-0.9406656933560444
6861,-0.3635638356208801,-0.9029439091682434,-0.3389433567386977,-0.9408067819285232
6862,-0.3743194043636322,-0.9007903933525085,-0.3361209231839041,-0.9418188387359854
6863,-0.3781971335411072,-0.8980032205581665,-0.3135275513767486,-0.9495791038811354
6864,-0.3819786310195923,-0.8994647264480591,-0.3023962670975751,-0.9531823003211148
6865,-0.38157832622528076,-0.9015796184539795,-0.3058016313180537,-0.9520952485351544
6866,-0.37979060411453247,-0.9069904685020447,-0.2837189082497479,-0.9589074935057976
6867,-0.3787619471549988,-0.9100433588027954,-0.2747828842074946,-0.9615063008356266
6868,-0.3767940402030945,-0.9119818806648254,-0.2639134041748333,-0.9645463778879952
6869,-0.3694983124732971,-0.913364052772522,-0.2590236677096514,-0.9658709745955928
6870,-0.36164167523384094,-0.915766716003418,-0.2589080908949038,-0.9659019621416846
6871,-0.35115522146224976,-0.9193958044052124,-0.2839740986755099,-0.9588319515334436
6872,-0.33645981550216675,-0.9252713918685913,-0.2721182926946111,-0.9622638072695916
6873,-0.32752493023872375,-0.9261931777000427,-0.2773604772029167,-0.9607659265844988
6874,-0.325887531042099,-0.9249557852745056,-0.2557027790959529,-0.9667554441339372
6875,-0.3329356908798218,-0.9204384684562683,-0.2357112952089244,-0.9718231244989652
6876,-0.3398168087005615,-0.917486846446991,-0.232122091957418,-0.97268665788388
6877,-0.34461313486099243,-0.9162863492965698,-0.20055905278648,-0.979681614783798
6878,-0.2383563071489334,-0.9394373297691345,-0.192200880522393,-0.981355604012336
6879,-0.2138577550649643,-0.9497607946395874,-0.1877534745888911,-0.9822161843401882
6880,-0.18595893681049347,-0.9487690925598145,-0.1806598025560536,-0.9835456449704852
6881,-0.15249896049499512,-0.957676112651825,-0.1742373968062848,-0.984703676013332
6882,-0.12259823083877563,-0.9651315212249756,-0.1803968198475132,-0.9835939138632892
6883,-0.10551546514034271,-0.9719498157501221,-0.18536279620917,-0.9826701551291348
6884,-0.08921238780021667,-0.9762794971466064,-0.1875100246290188,-0.9822626892352292
6885,-0.13689687848091125,-0.9682494401931763,-0.185727044965702,-0.9826013763313728
6886,-0.12280917167663574,-0.9619794487953186,-0.2060329417502112,-0.9785450561490534
6887,-0.11584916710853577,-0.9557936787605286,-0.2098289153410557,-0.9777381174357456
6888,-0.11571292579174042,-0.9591369032859802,-0.1989425237095882,-0.980011159252822
6889,-0.11851128935813904,-0.9578055143356323,-0.1843022467375997,-0.9828696158939256
6890,-0.1168224960565567,-0.9522913694381714,-0.1616669517659943,-0.9868453762908816
6891,-0.11000178754329681,-0.9462299346923828,-0.1582209978689593,-0.9874037248427568
6892,-0.11093781888484955,-0.9428888559341431,-0.1679981696406486,-0.9857873071800994
6893,-0.10764573514461517,-0.947032630443573,-0.1703131213685708,-0.9853899942102592
6894,-0.10183458030223846,-0.9513721466064453,-0.1624796499593065,-0.98671189480471
6895,-0.09515425562858582,-0.9559612274169922,-0.1589931946732803,-0.9872796787372788
6896,-0.09073404222726822,-0.9593422412872314,-0.1631589673253232,-0.9865997929157162
6897,-0.0887632817029953,-0.9615811705589294,-0.1689049930153801,-0.98563233679424
6898,-0.08629728853702545,-0.9620381593704224,-0.1705803008690743,-0.9853437780568852
6899,-0.08398567885160446,-0.9611191749572754,-0.156810644828212,-0.9876286861308556
6900,-0.08888334780931473,-0.9599994421005249,-0.1598261253877706,-0.9871451816442872
6901,-0.10066840052604675,-0.9605304598808289,-0.1604822565344486,-0.98703872534851
6902,-0.12166918814182281,-0.9606990814208984,-0.1570500135834212,-0.9875906506409664
6903,-0.04048268496990204,-0.9592618942260742,-0.1393880842293507,-0.9902378310157977
6904,-0.01700890064239502,-0.9629939794540405,-0.1125814056943899,-0.993642504672518
6905,0.007876191288232803,-0.9664118885993958,-0.132924472125459,-0.991126169924984
6906,0.023874271661043167,-0.9687387943267822,-0.1492403294077093,-0.9888009527090263
6907,0.03087693080306053,-0.9683204293251038,-0.1249090816299919,-0.9921681920553348
6908,0.03780854865908623,-0.9658855199813843,-0.1347417346214064,-0.9908807521347938
6909,0.04790770635008812,-0.966217577457428,-0.1412331669529089,-0.9899763595927188
6910,0.06606742739677429,-0.9670952558517456,-0.1244643048589961,-0.9922240859886272
6911,0.02114793285727501,-0.9894198775291443,-0.1475393833516921,-0.9890561815995098
6912,0.019201871007680893,-0.9715554118156433,-0.1589324416682296,-0.9872894605865976
6913,0.002500292146578431,-0.9630810022354126,-0.1606864995470015,-0.9870054958627796
6914,-0.012889698147773743,-0.9669123888015747,-0.1642187559407465,-0.9864239454703406
6915,-0.025463080033659935,-0.9714870452880859,-0.1313878016466568,-0.9913310474198106
6916,-0.035944174975156784,-0.9756182432174683,-0.1252417667625795,-0.9921262519751142
6917,-0.04651819169521332,-0.9776804447174072,-0.1058609743411558,-0.9943809401389092
6918,-0.05185443162918091,-0.972285270690918,-0.1189749163484762,-0.992897260183486
6919,-0.052248381078243256,-0.9664295315742493,-0.1280347898449957,-0.991769677187878
6920,-0.05073384940624237,-0.9622589349746704,-0.094243466034364,-0.9955491796540388
6921,-0.04891568422317505,-0.9625982642173767,-0.0983078868683988,-0.9951560477530496
6922,-0.04086246341466904,-0.9603554606437683,-0.0828408974495493,-0.9965627856335764
6923,-0.030381741002202034,-0.9634885787963867,-0.0820508729079595,-0.9966281424157366
6924,-0.0181575920432806,-0.9682990312576294,-0.0858527592591827,-0.9963078358256472
6925,-0.004844561219215393,-0.971470296382904,-0.0730683912076831,-0.9973269324581188
6926,0.004189927130937576,-0.9743642807006836,-0.0242294971094838,-0.999706422641078
6927,0.0014238620642572641,-0.9741033315658569,0.0111360315168834,-0.9999379924785612
6928,0.0760553628206253,-0.9742437601089478,0.0285302594454977,-0.9995929292947068
6929,0.08897380530834198,-0.9699177742004395,0.0443640612443184,-0.9990154303462536
6930,0.09597510099411011,-0.9712023735046387,0.0549660060634423,-0.998488226358946
6931,0.09954261779785156,-0.9653657674789429,0.041389148779602,-0.999143102044597
6932,0.1051979660987854,-0.9633979797363281,0.0493185678217727,-0.9987830990099948
6933,0.11706341803073883,-0.9639616012573242,0.0451047297859763,-0.9989822637819624
6934,0.13116000592708588,-0.9645029306411743,0.0334819409351684,-0.9994393226360536
6935,0.1450584977865219,-0.9642513394355774,0.0284641968389704,-0.9995948126607662
6936,0.15430234372615814,-0.9643467664718628,0.0351564995896373,-0.9993818191945478
6937,0.157201886177063,-0.9633902311325073,0.0285329719588937,-0.9995928518707968
6938,0.1565025895833969,-0.9637924432754517,0.0341262473375684,-0.9994175299856688
6939,0.1549505591392517,-0.9642602205276489,0.0392777870390223,-0.9992283299853528
6940,0.15319104492664337,-0.9642970561981201,0.0462873696421578,-0.9989281652909834
6941,0.15749508142471313,-0.9621036648750305,0.0556472059324879,-0.998450493751146
6942,0.10737140476703644,-0.9817050695419312,0.0623110837669845,-0.998056776360836
6943,0.12080104649066925,-0.9567843675613403,0.0618291530417706,-0.9980867476497908
6944,0.13697156310081482,-0.9537618160247803,0.0827613873036983,-0.996569391849643
6945,0.1565256267786026,-0.9588216543197632,0.0957760727690556,-0.99540290530264
6946,0.16879047453403473,-0.96262526512146,0.0831619113729717,-0.9965360487693328
6947,0.17462529242038727,-0.9640488028526306,0.0903116263675484,-0.9959135555573326
6948,0.17520150542259216,-0.9655660390853882,0.0748198437585851,-0.9971970672740372
6949,0.1623302549123764,-0.9675365090370178,0.0964567786700053,-0.9953371739509208
6950,0.14446371793746948,-0.9690440893173218,0.1250946481140668,-0.9921448125214472
6951,0.20164649188518524,-0.9713624715805054,0.1259356552439897,-0.99203841192681
6952,0.20646779239177704,-0.9581929445266724,0.1366821246839806,-0.9906149588976904
6953,0.19408172369003296,-0.9708278775215149,0.1246637723244829,-0.9921990444814132
6954,0.16288359463214874,-0.9656796455383301,0.1182567481885417,-0.992983051974137
6955,0.14399100840091705,-0.9630240201950073,0.1302237649266112,-0.9914846297589986
6956,0.1393982619047165,-0.9633016586303711,0.1266623245538926,-0.9919458934531684
6957,0.1581622213125229,-0.9621344804763794,0.1122093811815539,-0.9936845851550948
6958,0.19794680178165436,-0.9551988840103149,0.1055293328440273,-0.9944161904904276
6959,0.2006714940071106,-0.9552834033966064,0.1082673600044821,-0.9941218128366665
6960,0.2052169293165207,-0.9551231861114502,0.1195368590299865,-0.9928297635210404
6961,0.214618518948555,-0.952541172504425,0.1242414337786006,-0.9922520174495176
6962,0.22641439735889435,-0.9501755237579346,0.1188749331106981,-0.9929092356695688
6963,0.22799669206142426,-0.9503629207611084,0.1286375842248434,-0.9916916718036892
6964,0.23269464075565338,-0.9487510919570923,0.1262465157687949,-0.9919988998261235
6965,0.18432490527629852,-0.9746373891830444,0.150261471557438,-0.9886462917370364
6966,0.20336568355560303,-0.950222373008728,0.1463938846824867,-0.989226379817871
6967,0.23478297889232635,-0.9408207535743713,0.1554847402642156,-0.9878382942288528
6968,0.2685651481151581,-0.9476367831230164,0.1470673712852558,-0.9891264774048084
6969,0.28830263018608093,-0.9482293725013733,0.1945751073163559,-0.9808876223160472
6970,0.29347261786460876,-0.9459233283996582,0.1970666678856714,-0.9803900899174972
6971,0.2875487208366394,-0.9453613758087158,0.2001528372100348,-0.979764686930884
6972,0.26901742815971375,-0.9455463290214539,0.1955412204159773,-0.9806954833781129
6973,0.31655052304267883,-0.9487504959106445,0.2312700341758027,-0.9728895987173072
6974,0.32766014337539673,-0.9245208501815796,0.2610159259430623,-0.965334494568637
6975,0.31742775440216064,-0.9382745027542114,0.285235596714736,-0.9584574348226363
6976,0.3044281601905823,-0.9311920404434204,0.2835099146487554,-0.9589693051896164
6977,0.2965187728404999,-0.9306522607803345,0.2900521402577455,-0.9570108442081005
6978,0.2954421639442444,-0.9305548071861267,0.2930765215035533,-0.956088987774348
6979,0.3013775050640106,-0.9287077784538269,0.294621708217476,-0.9556139644474732
6980,0.30707916617393494,-0.9262253046035767,0.2765468600207754,-0.9610004340335386
6981,0.3125491142272949,-0.9232210516929626,0.2901335819059824,-0.9569861569795064
6982,0.3212660551071167,-0.9192704558372498,0.2934820291409316,-0.9559645906472276
6983,0.32963982224464417,-0.9145514965057373,0.3038282088739095,-0.9527268336162638
6984,0.3136480152606964,-0.917863667011261,0.3125314691503426,-0.949907406430084
6985,0.3061203956604004,-0.9186447858810425,0.3231844122037242,-0.9463360057128404
6986,0.30524635314941406,-0.9183921813964844,0.3407459412331982,-0.9401554145635188
6987,0.315618097782135,-0.9146483540534973,0.3293562540412627,-0.9442057286015094
6988,0.3309905230998993,-0.9136712551116943,0.3286353776602533,-0.9444568749022384
6989,0.34951770305633545,-0.9113245010375977,0.350836905182245,-0.936436578718572
6990,0.3131949305534363,-0.9446027278900146,0.3745453263142548,-0.9272086057280468
6991,0.3252500891685486,-0.9189521074295044,0.3891023615526697,-0.9211945246440274
6992,0.34523892402648926,-0.9099217057228088,0.3763590938312572,-0.9264738703765556
6993,0.3562542200088501,-0.918268084526062,0.3714926294751095,-0.9284359031433828
6994,0.34698039293289185,-0.9195624589920044,0.374461005907944,-0.9272426624430148
6995,0.3877161741256714,-0.9182342290878296,0.3599237521758308,-0.932981721482083
6996,0.39645466208457947,-0.8947477340698242,0.3649819807082248,-0.9310145829998052
6997,0.38221192359924316,-0.9087165594100952,0.3738728770996503,-0.9274799576105296
6998,0.37035512924194336,-0.9010928869247437,0.3838012925995617,-0.923415706926683
6999,0.3652503490447998,-0.9015293717384338,0.3817194673997582,-0.924278230949991
7000,0.3595743775367737,-0.9053082466125488,0.3868043278666022,-0.9221618144033432
7001,0.35224008560180664,-0.9076811075210571,0.3844305846711772,-0.923153901345478
7002,0.3537901043891907,-0.9038363099098206,0.3782514948912277,-0.9257028716670116
7003,0.35635268688201904,-0.8983328938484192,0.382859748516083,-0.923806480257744
7004,0.3607518970966339,-0.8925780057907104,0.3673882874902658,-0.93006765679437
7005,0.36565902829170227,-0.8875652551651001,0.3705787081044896,-0.9288010664828112
7006,0.3665226399898529,-0.8888594508171082,0.3895790049925611,-0.9209930503912644
7007,0.3660481870174408,-0.8907456994056702,0.3947859059493709,-0.9187731430901398
7008,0.3634839653968811,-0.8909624814987183,0.3805626530151724,-0.9247551390125136
7009,0.3733792304992676,-0.8888776302337646,0.3874673106566054,-0.9218834433769476
7010,0.3941477835178375,-0.8892863392829895,0.3643432019675489,-0.9312647481677988
7011,0.4148052930831909,-0.8905868530273438,0.3802032654971477,-0.92490295539873
7012,0.43189966678619385,-0.8956539630889893,0.3824428956439643,-0.9239791294025314
7013,0.367796391248703,-0.9424158334732056,0.3730411094872212,-0.9278148148378226
7014,0.36109408736228943,-0.9306055307388306,0.3569527870905836,-0.9341224265524646
7015,0.3633108139038086,-0.9190931916236877,0.3251285665687053,-0.9456698235647466
7016,0.3540089428424835,-0.9279763698577881,0.3604292369375112,-0.9327865592731508
7017,0.33031249046325684,-0.9373122453689575,0.3518075042742684,-0.9360723689631644
7018,0.37339115142822266,-0.9363170862197876,0.3603074754752708,-0.932833598835632
7019,0.37970948219299316,-0.9080082178115845,0.3450657243546736,-0.9385785240860696
7020,0.36077213287353516,-0.9250403642654419,0.3436823318957069,-0.9390859677062208
7021,0.33427056670188904,-0.918624222278595,0.3368837651517872,-0.9415462435680764
7022,0.312945693731308,-0.9221669435501099,0.3382844413792267,-0.9410439079664372
7023,0.3016446828842163,-0.9258334636688232,0.2993315971090388,-0.9541491471317008
7024,0.29633039236068726,-0.929405152797699,0.2994154187108028,-0.9541228469323196
7025,0.2982291579246521,-0.9298202991485596,0.2893208748091904,-0.957232172150333
7026,0.30332955718040466,-0.9277827739715576,0.2998427266283153,-0.9539886473580792
7027,0.31534796953201294,-0.9216327667236328,0.3071464631747735,-0.9516622563489776
7028,0.3216949999332428,-0.9189954400062561,0.3225656710808803,-0.9465470869640564
7029,0.3285525441169739,-0.9151986837387085,0.3178097239605551,-0.9481545123850414
7030,0.33666330575942993,-0.9116492867469788,0.3119935321154256,-0.9500842256969332
7031,0.34426620602607727,-0.9101479053497314,0.3195688903009652,-0.9475630450538948
7032,0.34904229640960693,-0.9074955582618713,0.3258845526861048,-0.9454095717309918
7033,0.35662904381752014,-0.9041875600814819,0.3402314227139964,-0.9403417352207706
7034,0.3641713857650757,-0.9031896591186523,0.3600752146811114,-0.932923276466158
7035,0.3756592869758606,-0.903925359249115,0.3664764931192636,-0.9304273104283892
7036,0.3904625177383423,-0.9029226303100586,0.3610402441648755,-0.9325502356942316
7037,0.3375391960144043,-0.934302806854248,0.3659266773469423,-0.9306436841271888
7038,0.3369922339916229,-0.9162668585777283,0.3623441376022416,-0.9320443798153004
7039,0.35369426012039185,-0.9086269736289978,0.3576531805245762,-0.9338544867701044
7040,0.36105406284332275,-0.9181866645812988,0.3243381787850456,-0.9459411957317432
7041,0.3466716706752777,-0.9228121042251587,0.3273730567680202,-0.9448951696894012
7042,0.31998565793037415,-0.9288439154624939,0.3401374797550609,-0.94037572005336
7043,0.29171913862228394,-0.9342750906944275,0.3281080772186286,-0.9446401905825808
7044,0.2624463438987732,-0.9381067752838135,0.3315673387618295,-0.9434315554752228
7045,0.2952499985694885,-0.9342177510261536,0.3459884169541232,-0.93823878375048
7046,0.29973214864730835,-0.921062707901001,0.3437094700689422,-0.9390760353586536
7047,0.281716912984848,-0.9372126460075378,0.3586354756211689,-0.9334776888742322
7048,0.2576744556427002,-0.9344346523284912,0.3525512993226022,-0.9357924884000433
7049,0.24376840889453888,-0.936181902885437,0.3466445611372172,-0.937996560886012
7050,0.22620393335819244,-0.9425849318504333,0.3384464227558524,-0.940985663505968
7051,0.23136700689792633,-0.9463478326797485,0.3144965510386286,-0.9492586156495012
7052,0.23924334347248077,-0.9469140768051147,0.2774306245576978,-0.960745673192196
7053,0.2484777718782425,-0.9447370767593384,0.2660227771704886,-0.9639667432160202
7054,0.2554372251033783,-0.9430251717567444,0.248550154331947,-0.968619027678873
7055,0.2600347399711609,-0.9415274262428284,0.2519024481293944,-0.967752631939804
7056,0.2608354389667511,-0.941010594367981,0.2527026184018524,-0.9675439972698128
7057,0.2613941431045532,-0.9411460757255554,0.243184940655297,-0.969979940327881
7058,0.2649969458580017,-0.9407391548156738,0.2338906679922286,-0.972262904479107
7059,0.2771492004394531,-0.9388941526412964,0.2253998337332562,-0.9742663470288916
7060,0.2949940264225006,-0.9367789030075073,0.2164395667376583,-0.9762960175840188
7061,0.2571714520454407,-0.9579007625579834,0.2145716286313471,-0.976708255410228
7062,0.26954108476638794,-0.9331130385398865,0.2225503950477356,-0.974921187411627
7063,0.2852763831615448,-0.9263911247253418,0.2251238086017167,-0.974330165190762
7064,0.3003872036933899,-0.9341385960578918,0.2119113005357367,-0.9772889033981982
7065,0.2934458255767822,-0.9377378225326538,0.1804834117627549,-0.9835780284646846
7066,0.26985862851142883,-0.942771315574646,0.204795711571811,-0.978804738710329
7067,0.2435542494058609,-0.9481219053268433,0.1909577945766771,-0.9815982481088744
7068,0.2205425649881363,-0.953578531742096,0.1432408883651036,-0.989687853770256
7069,0.20783860981464386,-0.9532613158226013,0.1287161661248694,-0.9916814753629892
7070,0.19938363134860992,-0.9536135196685791,0.1070716703478256,-0.9942513049571152
7071,0.187495157122612,-0.9564386010169983,0.1062249570115992,-0.9943421234705306
7072,0.16735705733299255,-0.9576799869537354,0.1025267394192323,-0.9947302487127156
7073,0.1430971473455429,-0.9628555774688721,0.0551434109103778,-0.9984784445510926
7074,0.18104486167430878,-0.9603437185287476,0.0029980565029561,-0.9999955058185036
7075,0.16942457854747772,-0.9538270831108093,-0.0550469529197156,-0.998483767005881
7076,0.14156474173069,-0.96388179063797,-0.0707629874123959,-0.9974931576770204
7077,0.12153972685337067,-0.960853099822998,-0.0940235313427966,-0.9955699752171266
7078,0.11663772165775299,-0.9618033170700073,-0.0875406041163719,-0.996160952171355
7079,0.039221618324518204,-0.9812413454055786,-0.1036275305676788,-0.9946161746666122
7080,0.014719311147928238,-0.9561834335327148,-0.1027789792880048,-0.9947042180550536
7081,-0.010732326656579971,-0.9465248584747314,-0.1127592028731716,-0.9936223438346216
7082,-0.0393485389649868,-0.9399319887161255,-0.1272072253483572,-0.9918761625420648
7083,-0.07647304236888885,-0.9362970590591431,-0.1669311929973952,-0.9859685475736364
7084,-0.12027435004711151,-0.9370006322860718,-0.1929449737068289,-0.981209578592296
7085,-0.1586717665195465,-0.941275954246521,-0.2098143858354718,-0.9777412354485636
7086,-0.1853531450033188,-0.9492765069007874,-0.223604307414917,-0.9746800057995934
7087,-0.19958601891994476,-0.9538415670394897,-0.2584758566787541,-0.966017718012555
